[(-9549, 12016, -4433), (127, 362, -40)]
[(-9288, 12246, -4840), (214, 251, -31)]
[(-9288, 12246, -4840), (214, 251, -31)]
[(-9288, 12246, -4840), (214, 251, -31)]
[(-9288, 12246, -4840), (214, 251, -31)]
[(-9288, 12246, -4840), (214, 251, -31)]
[(-9288, 12246, -4840), (214, 251, -31)]
[(-9250, 12253, -5100), (183, 210, -25)]
[(-9250, 12253, -5100), (183, 210, -25)]
[(-9250, 12253, -5100), (183, 210, -25)]
[(-9250, 12253, -5100), (183, 210, -25)]
[(-9250, 12253, -5100), (183, 210, -25)]
[(-9250, 12253, -5100), (183, 210, -25)]
[(-9102, 12405, -5282), (104, 199, -26)]
[(-9102, 12405, -5282), (104, 199, -26)]
[(-9102, 12405, -5282), (104, 199, -26)]
[(-9102, 12405, -5282), (104, 199, -26)]
[(-9102, 12405, -5282), (104, 199, -26)]
[(-9076, 12509, -5453), (76, 172, -1)]
[(-9076, 12509, -5453), (76, 172, -1)]
[(-9076, 12509, -5453), (76, 172, -1)]
[(-9076, 12509, -5453), (76, 172, -1)]
[(-9076, 12509, -5453), (76, 172, -1)]
[(-9058, 12576, -5566), (46, 138, 4)]
[(-9058, 12576, -5566), (46, 138, 4)]
[(-9058, 12576, -5566), (46, 138, 4)]
[(-9058, 12576, -5566), (46, 138, 4)]
[(-9058, 12576, -5566), (46, 138, 4)]
[(-9058, 12576, -5566), (46, 138, 4)]
[(-9058, 12576, -5566), (46, 138, 4)]
[(-9058, 12576, -5566), (46, 138, 4)]
[(-8945, 12663, -5604), (28, 97, 7)]
[(-8945, 12663, -5604), (28, 97, 7)]
[(-8945, 12663, -5604), (28, 97, 7)]
[(-8945, 12663, -5604), (28, 97, 7)]
[(-8945, 12663, -5604), (28, 97, 7)]
[(-8872, 12732, -5612), (-6, 97, 3)]
[(-8872, 12732, -5612), (-6, 97, 3)]
[(-8872, 12732, -5612), (-6, 97, 3)]
[(-8872, 12732, -5612), (-6, 97, 3)]
[(-8872, 12732, -5612), (-6, 97, 3)]
[(-8872, 12732, -5612), (-6, 97, 3)]
[(-8872, 12732, -5612), (-6, 97, 3)]
[(-8828, 12786, -5616), (13, 78, 1)]
[(-8828, 12786, -5616), (13, 78, 1)]
[(-8828, 12786, -5616), (13, 78, 1)]
[(-8828, 12786, -5616), (13, 78, 1)]
[(-8828, 12786, -5616), (13, 78, 1)]
[(-8828, 12786, -5616), (13, 78, 1)]
[(-8805, 12859, -5636), (-2, 66, 0)]
[(-8805, 12859, -5636), (-2, 66, 0)]
[(-8805, 12859, -5636), (-2, 66, 0)]
[(-8805, 12859, -5636), (-2, 66, 0)]
[(-8805, 12859, -5636), (-2, 66, 0)]
[(-8805, 12859, -5636), (-2, 66, 0)]
[(-8805, 12859, -5636), (-2, 66, 0)]
[(-8735, 12914, -5609), (-14, 65, -10)]
[(-8735, 12914, -5609), (-14, 65, -10)]
[(-8735, 12914, -5609), (-14, 65, -10)]
[(-8735, 12914, -5609), (-14, 65, -10)]
[(-8735, 12914, -5609), (-14, 65, -10)]
[(-8727, 12889, -5570), (-18, 68, -14)]
[(-8727, 12889, -5570), (-18, 68, -14)]
[(-8727, 12889, -5570), (-18, 68, -14)]
[(-8727, 12889, -5570), (-18, 68, -14)]
[(-8727, 12889, -5570), (-18, 68, -14)]
[(-8727, 12889, -5570), (-18, 68, -14)]
[(-8758, 12928, -5604), (-31, 68, -14)]
[(-8758, 12928, -5604), (-31, 68, -14)]
[(-8758, 12928, -5604), (-31, 68, -14)]
[(-8758, 12928, -5604), (-31, 68, -14)]
[(-8758, 12928, -5604), (-31, 68, -14)]
[(-8700, 12963, -5569), (-46, 45, -12)]
[(-8700, 12963, -5569), (-46, 45, -12)]
[(-8700, 12963, -5569), (-46, 45, -12)]
[(-8700, 12963, -5569), (-46, 45, -12)]
[(-8700, 12963, -5569), (-46, 45, -12)]
[(-8660, 13000, -5597), (-47, 25, -6)]
[(-8660, 13000, -5597), (-47, 25, -6)]
[(-8660, 13000, -5597), (-47, 25, -6)]
[(-8660, 13000, -5597), (-47, 25, -6)]
[(-8660, 13000, -5597), (-47, 25, -6)]
[(-8660, 13000, -5597), (-47, 25, -6)]
[(-8660, 13000, -5597), (-47, 25, -6)]
[(-8660, 13000, -5597), (-47, 25, -6)]
[(-8688, 13032, -5580), (-37, 32, -6)]
[(-8688, 13032, -5580), (-37, 32, -6)]
[(-8688, 13032, -5580), (-37, 32, -6)]
[(-8688, 13032, -5580), (-37, 32, -6)]
[(-8688, 13032, -5580), (-37, 32, -6)]
[(-8657, 13040, -5644), (-29, 83, -15)]
[(-8657, 13040, -5644), (-29, 83, -15)]
[(-8657, 13040, -5644), (-29, 83, -15)]
[(-8657, 13040, -5644), (-29, 83, -15)]
[(-8657, 13040, -5644), (-29, 83, -15)]
[(-8712, 12992, -5584), (-18, 83, -10)]
[(-8712, 12992, -5584), (-18, 83, -10)]
[(-8712, 12992, -5584), (-18, 83, -10)]
[(-8712, 12992, -5584), (-18, 83, -10)]
[(-8712, 12992, -5584), (-18, 83, -10)]
[(-8712, 12992, -5584), (-18, 83, -10)]
[(-8712, 12992, -5584), (-18, 83, -10)]
[(-8712, 12992, -5584), (-18, 83, -10)]
[(-8731, 13021, -5606), (-22, 87, -12)]
[(-8731, 13021, -5606), (-22, 87, -12)]
[(-8731, 13021, -5606), (-22, 87, -12)]
[(-8731, 13021, -5606), (-22, 87, -12)]
[(-8731, 13021, -5606), (-22, 87, -12)]
[(-8765, 13046, -5586), (-25, 80, -6)]
[(-8765, 13046, -5586), (-25, 80, -6)]
[(-8765, 13046, -5586), (-25, 80, -6)]
[(-8765, 13046, -5586), (-25, 80, -6)]
[(-8765, 13046, -5586), (-25, 80, -6)]
[(-8736, 13061, -5528), (-26, 78, -7)]
[(-8736, 13061, -5528), (-26, 78, -7)]
[(-8736, 13061, -5528), (-26, 78, -7)]
[(-8736, 13061, -5528), (-26, 78, -7)]
[(-8736, 13061, -5528), (-26, 78, -7)]
[(-8736, 13061, -5528), (-26, 78, -7)]
[(-8736, 13061, -5528), (-26, 78, -7)]
[(-8767, 13040, -5473), (-22, 77, -9)]
[(-8767, 13040, -5473), (-22, 77, -9)]
[(-8767, 13040, -5473), (-22, 77, -9)]
[(-8767, 13040, -5473), (-22, 77, -9)]
[(-8767, 13040, -5473), (-22, 77, -9)]
[(-8767, 13040, -5473), (-22, 77, -9)]
[(-8808, 13024, -5456), (-43, 94, -23)]
[(-8808, 13024, -5456), (-43, 94, -23)]
[(-8808, 13024, -5456), (-43, 94, -23)]
[(-8808, 13024, -5456), (-43, 94, -23)]
[(-8808, 13024, -5456), (-43, 94, -23)]
[(-8805, 13032, -5426), (-48, 103, -25)]
[(-8805, 13032, -5426), (-48, 103, -25)]
[(-8805, 13032, -5426), (-48, 103, -25)]
[(-8805, 13032, -5426), (-48, 103, -25)]
[(-8805, 13032, -5426), (-48, 103, -25)]
[(-8805, 13032, -5426), (-48, 103, -25)]
[(-8805, 13032, -5426), (-48, 103, -25)]
[(-8776, 13035, -5364), (-64, 138, -40)]
[(-8776, 13035, -5364), (-64, 138, -40)]
[(-8776, 13035, -5364), (-64, 138, -40)]
[(-8776, 13035, -5364), (-64, 138, -40)]
[(-8776, 13035, -5364), (-64, 138, -40)]
[(-8776, 13035, -5364), (-64, 138, -40)]