[(-15618, 2643, -3173), (36, 175, 15)]
[(-15616, 2605, -3174), (33, 248, -69)]
[(-15616, 2605, -3174), (33, 248, -69)]
[(-15616, 2605, -3174), (33, 248, -69)]
[(-15616, 2605, -3174), (33, 248, -69)]
[(-15629, 2592, -3235), (94, 223, -55)]
[(-15629, 2592, -3235), (94, 223, -55)]
[(-15629, 2592, -3235), (94, 223, -55)]
[(-15629, 2592, -3235), (94, 223, -55)]
[(-15629, 2592, -3235), (94, 223, -55)]
[(-15629, 2592, -3235), (94, 223, -55)]
[(-15631, 2572, -3254), (-29, 154, -15)]
[(-15631, 2572, -3254), (-29, 154, -15)]
[(-15631, 2572, -3254), (-29, 154, -15)]
[(-15631, 2572, -3254), (-29, 154, -15)]
[(-15631, 2572, -3254), (-29, 154, -15)]
[(-15632, 2645, -3236), (-95, 100, 20)]
[(-15632, 2645, -3236), (-95, 100, 20)]
[(-15632, 2645, -3236), (-95, 100, 20)]
[(-15632, 2645, -3236), (-95, 100, 20)]
[(-15632, 2645, -3236), (-95, 100, 20)]
[(-15632, 2645, -3236), (-95, 100, 20)]
[(-15632, 2645, -3236), (-95, 100, 20)]
[(-15641, 2648, -3187), (-98, 110, -30)]
[(-15641, 2648, -3187), (-98, 110, -30)]
[(-15641, 2648, -3187), (-98, 110, -30)]
[(-15641, 2648, -3187), (-98, 110, -30)]
[(-15641, 2648, -3187), (-98, 110, -30)]
[(-15641, 2648, -3187), (-98, 110, -30)]
[(-15649, 2645, -3162), (-81, 216, -62)]
[(-15649, 2645, -3162), (-81, 216, -62)]
[(-15649, 2645, -3162), (-81, 216, -62)]
[(-15649, 2645, -3162), (-81, 216, -62)]
[(-15649, 2645, -3162), (-81, 216, -62)]
[(-15632, 2644, -3186), (-100, 276, -29)]
[(-15632, 2644, -3186), (-100, 276, -29)]
[(-15632, 2644, -3186), (-100, 276, -29)]
[(-15632, 2644, -3186), (-100, 276, -29)]
[(-15632, 2644, -3186), (-100, 276, -29)]
[(-15632, 2644, -3186), (-100, 276, -29)]
[(-15632, 2644, -3186), (-100, 276, -29)]
[(-15639, 2631, -3207), (-148, 243, 4)]
[(-15639, 2631, -3207), (-148, 243, 4)]
[(-15639, 2631, -3207), (-148, 243, 4)]
[(-15639, 2631, -3207), (-148, 243, 4)]
[(-15639, 2631, -3207), (-148, 243, 4)]
[(-15639, 2631, -3207), (-148, 243, 4)]
[(-15632, 2596, -3227), (-91, 112, 49)]
[(-15632, 2596, -3227), (-91, 112, 49)]
[(-15632, 2596, -3227), (-91, 112, 49)]
[(-15632, 2596, -3227), (-91, 112, 49)]
[(-15632, 2596, -3227), (-91, 112, 49)]
[(-15633, 2599, -3209), (-64, 93, 24)]
[(-15633, 2599, -3209), (-64, 93, 24)]
[(-15633, 2599, -3209), (-64, 93, 24)]
[(-15633, 2599, -3209), (-64, 93, 24)]
[(-15633, 2599, -3209), (-64, 93, 24)]
[(-15633, 2599, -3209), (-64, 93, 24)]
[(-15633, 2599, -3209), (-64, 93, 24)]
[(-15652, 2623, -3160), (-93, 166, -25)]
[(-15652, 2623, -3160), (-93, 166, -25)]
[(-15652, 2623, -3160), (-93, 166, -25)]
[(-15652, 2623, -3160), (-93, 166, -25)]
[(-15652, 2623, -3160), (-93, 166, -25)]
[(-15652, 2623, -3160), (-93, 166, -25)]
[(-15662, 2587, -3160), (-114, 228, -49)]
[(-15662, 2587, -3160), (-114, 228, -49)]
[(-15662, 2587, -3160), (-114, 228, -49)]
[(-15662, 2587, -3160), (-114, 228, -49)]
[(-15662, 2587, -3160), (-114, 228, -49)]
[(-15672, 2581, -3188), (-138, 269, -5)]
[(-15672, 2581, -3188), (-138, 269, -5)]
[(-15672, 2581, -3188), (-138, 269, -5)]
[(-15672, 2581, -3188), (-138, 269, -5)]
[(-15672, 2581, -3188), (-138, 269, -5)]
[(-15672, 2581, -3188), (-138, 269, -5)]
[(-15672, 2581, -3188), (-138, 269, -5)]
[(-15662, 2597, -3223), (-198, 254, -25)]
[(-15662, 2597, -3223), (-198, 254, -25)]
[(-15662, 2597, -3223), (-198, 254, -25)]
[(-15662, 2597, -3223), (-198, 254, -25)]
[(-15662, 2597, -3223), (-198, 254, -25)]
[(-15662, 2597, -3223), (-198, 254, -25)]
[(-15662, 2597, -3223), (-198, 254, -25)]
[(-15672, 2590, -3236), (-182, 210, -25)]
[(-15672, 2590, -3236), (-182, 210, -25)]
[(-15672, 2590, -3236), (-182, 210, -25)]
[(-15672, 2590, -3236), (-182, 210, -25)]
[(-15639, 2576, -3278), (-67, 136, -30)]
[(-15639, 2576, -3278), (-67, 136, -30)]
[(-15639, 2576, -3278), (-67, 136, -30)]
[(-15639, 2576, -3278), (-67, 136, -30)]
[(-15639, 2576, -3278), (-67, 136, -30)]
[(-15639, 2576, -3278), (-67, 136, -30)]
[(-15639, 2576, -3278), (-67, 136, -30)]
[(-15674, 2580, -3267), (-86, 140, -57)]
[(-15674, 2580, -3267), (-86, 140, -57)]
[(-15674, 2580, -3267), (-86, 140, -57)]
[(-15674, 2580, -3267), (-86, 140, -57)]
[(-15674, 2580, -3267), (-86, 140, -57)]
[(-15674, 2580, -3267), (-86, 140, -57)]
[(-15674, 2580, -3267), (-86, 140, -57)]
[(-15673, 2572, -3248), (-144, 187, -29)]
[(-15673, 2572, -3248), (-144, 187, -29)]
[(-15673, 2572, -3248), (-144, 187, -29)]
[(-15673, 2572, -3248), (-144, 187, -29)]
[(-15696, 2589, -3271), (-171, 192, 4)]
[(-15696, 2589, -3271), (-171, 192, 4)]
[(-15696, 2589, -3271), (-171, 192, 4)]
[(-15696, 2589, -3271), (-171, 192, 4)]
[(-15696, 2589, -3271), (-171, 192, 4)]
[(-15696, 2589, -3271), (-171, 192, 4)]
[(-15696, 2589, -3271), (-171, 192, 4)]
[(-15668, 2595, -3270), (-143, 181, -4)]
[(-15668, 2595, -3270), (-143, 181, -4)]
[(-15668, 2595, -3270), (-143, 181, -4)]
[(-15668, 2595, -3270), (-143, 181, -4)]
[(-15668, 2595, -3270), (-143, 181, -4)]
[(-15668, 2595, -3270), (-143, 181, -4)]
[(-15672, 2575, -3233), (-116, 167, -11)]
[(-15672, 2575, -3233), (-116, 167, -11)]
[(-15672, 2575, -3233), (-116, 167, -11)]
[(-15672, 2575, -3233), (-116, 167, -11)]
[(-15672, 2575, -3233), (-116, 167, -11)]
[(-15680, 2551, -3238), (-133, 163, 33)]
[(-15680, 2551, -3238), (-133, 163, 33)]
[(-15680, 2551, -3238), (-133, 163, 33)]
[(-15680, 2551, -3238), (-133, 163, 33)]
[(-15680, 2551, -3238), (-133, 163, 33)]
[(-15720, 2548, -3199), (-191, 187, 101)]
[(-15720, 2548, -3199), (-191, 187, 101)]
[(-15720, 2548, -3199), (-191, 187, 101)]
[(-15720, 2548, -3199), (-191, 187, 101)]
[(-15720, 2548, -3199), (-191, 187, 101)]
[(-15720, 2548, -3199), (-191, 187, 101)]
[(-15720, 2548, -3199), (-191, 187, 101)]
[(-15720, 2548, -3199), (-191, 187, 101)]
[(-15703, 2577, -3224), (-210, 205, 147)]
[(-15703, 2577, -3224), (-210, 205, 147)]
[(-15703, 2577, -3224), (-210, 205, 147)]
[(-15703, 2577, -3224), (-210, 205, 147)]
[(-15703, 2577, -3224), (-210, 205, 147)]
[(-15703, 2583, -3204), (-180, 229, 160)]
[(-15703, 2583, -3204), (-180, 229, 160)]
[(-15703, 2583, -3204), (-180, 229, 160)]
[(-15703, 2583, -3204), (-180, 229, 160)]
[(-15703, 2583, -3204), (-180, 229, 160)]
[(-15690, 2620, -3232), (-117, 199, 118)]
[(-15690, 2620, -3232), (-117, 199, 118)]
[(-15690, 2620, -3232), (-117, 199, 118)]
[(-15690, 2620, -3232), (-117, 199, 118)]
[(-15690, 2620, -3232), (-117, 199, 118)]
[(-15690, 2620, -3232), (-117, 199, 118)]
[(-15690, 2620, -3232), (-117, 199, 118)]
[(-15690, 2620, -3232), (-117, 199, 118)]
[(-15617, 2598, -3267), (-224, 94, 83)]
[(-15617, 2598, -3267), (-224, 94, 83)]
[(-15617, 2598, -3267), (-224, 94, 83)]
[(-15617, 2598, -3267), (-224, 94, 83)]
[(-15617, 2598, -3267), (-224, 94, 83)]
[(-15597, 2588, -3238), (-204, 110, 43)]
[(-15597, 2588, -3238), (-204, 110, 43)]
[(-15597, 2588, -3238), (-204, 110, 43)]
[(-15597, 2588, -3238), (-204, 110, 43)]
[(-15597, 2588, -3238), (-204, 110, 43)]
[(-15607, 2596, -3252), (-172, 199, 62)]
[(-15607, 2596, -3252), (-172, 199, 62)]
[(-15607, 2596, -3252), (-172, 199, 62)]
[(-15607, 2596, -3252), (-172, 199, 62)]
[(-15607, 2596, -3252), (-172, 199, 62)]
[(-15607, 2596, -3252), (-172, 199, 62)]
[(-15607, 2596, -3252), (-172, 199, 62)]
[(-15607, 2596, -3252), (-172, 199, 62)]
[(-15612, 2657, -3273), (-153, 214, 60)]
[(-15612, 2657, -3273), (-153, 214, 60)]
[(-15612, 2657, -3273), (-153, 214, 60)]
[(-15612, 2657, -3273), (-153, 214, 60)]
[(-15612, 2657, -3273), (-153, 214, 60)]
[(-15621, 2636, -3273), (-56, 193, 22)]
[(-15621, 2636, -3273), (-56, 193, 22)]
[(-15621, 2636, -3273), (-56, 193, 22)]
[(-15621, 2636, -3273), (-56, 193, 22)]
[(-15621, 2636, -3273), (-56, 193, 22)]
[(-15610, 2636, -3265), (-39, 194, 19)]
[(-15610, 2636, -3265), (-39, 194, 19)]
[(-15610, 2636, -3265), (-39, 194, 19)]
[(-15610, 2636, -3265), (-39, 194, 19)]
[(-15610, 2636, -3265), (-39, 194, 19)]
[(-15610, 2636, -3265), (-39, 194, 19)]
[(-15610, 2636, -3265), (-39, 194, 19)]
[(-15610, 2636, -3265), (-39, 194, 19)]
[(-15616, 2599, -3292), (-34, 180, 35)]
[(-15616, 2599, -3292), (-34, 180, 35)]