[(-15640, 2499, -3091), (-149, 165, 22)]
[(-15667, 2509, -3084), (-124, 166, 48)]
[(-15667, 2509, -3084), (-124, 166, 48)]
[(-15684, 2515, -3092), (-128, 210, 45)]
[(-15684, 2515, -3092), (-128, 210, 45)]
[(-15684, 2515, -3092), (-128, 210, 45)]
[(-15684, 2515, -3092), (-128, 210, 45)]
[(-15684, 2515, -3092), (-128, 210, 45)]
[(-15684, 2515, -3092), (-128, 210, 45)]
[(-15684, 2515, -3092), (-128, 210, 45)]
[(-15664, 2522, -3091), (-132, 261, 27)]
[(-15664, 2522, -3091), (-132, 261, 27)]
[(-15664, 2522, -3091), (-132, 261, 27)]
[(-15664, 2522, -3091), (-132, 261, 27)]
[(-15664, 2522, -3091), (-132, 261, 27)]
[(-15676, 2546, -3080), (-157, 259, 3)]
[(-15676, 2546, -3080), (-157, 259, 3)]
[(-15676, 2546, -3080), (-157, 259, 3)]
[(-15676, 2546, -3080), (-157, 259, 3)]
[(-15676, 2546, -3080), (-157, 259, 3)]
[(-15676, 2546, -3080), (-157, 259, 3)]
[(-15689, 2524, -3088), (-161, 238, 24)]
[(-15689, 2524, -3088), (-161, 238, 24)]
[(-15689, 2524, -3088), (-161, 238, 24)]
[(-15689, 2524, -3088), (-161, 238, 24)]
[(-15689, 2524, -3088), (-161, 238, 24)]
[(-15689, 2524, -3088), (-161, 238, 24)]
[(-15689, 2524, -3088), (-161, 238, 24)]
[(-15684, 2557, -3034), (-158, 163, 42)]
[(-15684, 2557, -3034), (-158, 163, 42)]
[(-15684, 2557, -3034), (-158, 163, 42)]
[(-15684, 2557, -3034), (-158, 163, 42)]
[(-15684, 2557, -3034), (-158, 163, 42)]
[(-15699, 2565, -3028), (-133, 135, 41)]
[(-15699, 2565, -3028), (-133, 135, 41)]
[(-15699, 2565, -3028), (-133, 135, 41)]
[(-15699, 2565, -3028), (-133, 135, 41)]
[(-15699, 2565, -3028), (-133, 135, 41)]
[(-15699, 2565, -3028), (-133, 135, 41)]
[(-15683, 2560, -2978), (-137, 168, 37)]
[(-15683, 2560, -2978), (-137, 168, 37)]
[(-15683, 2560, -2978), (-137, 168, 37)]
[(-15683, 2560, -2978), (-137, 168, 37)]
[(-15683, 2560, -2978), (-137, 168, 37)]
[(-15683, 2560, -2978), (-137, 168, 37)]
[(-15683, 2560, -2978), (-137, 168, 37)]
[(-15666, 2564, -2968), (-109, 215, 32)]
[(-15666, 2564, -2968), (-109, 215, 32)]
[(-15666, 2564, -2968), (-109, 215, 32)]
[(-15666, 2564, -2968), (-109, 215, 32)]
[(-15666, 2564, -2968), (-109, 215, 32)]
[(-15681, 2547, -2970), (-122, 246, 33)]
[(-15681, 2547, -2970), (-122, 246, 33)]
[(-15681, 2547, -2970), (-122, 246, 33)]
[(-15681, 2547, -2970), (-122, 246, 33)]
[(-15681, 2547, -2970), (-122, 246, 33)]
[(-15681, 2547, -2970), (-122, 246, 33)]
[(-15688, 2524, -3000), (-135, 252, 58)]
[(-15688, 2524, -3000), (-135, 252, 58)]
[(-15688, 2524, -3000), (-135, 252, 58)]
[(-15688, 2524, -3000), (-135, 252, 58)]
[(-15688, 2524, -3000), (-135, 252, 58)]
[(-15688, 2524, -3000), (-135, 252, 58)]
[(-15688, 2524, -3000), (-135, 252, 58)]
[(-15706, 2508, -2988), (-120, 242, 60)]
[(-15706, 2508, -2988), (-120, 242, 60)]
[(-15706, 2508, -2988), (-120, 242, 60)]
[(-15706, 2508, -2988), (-120, 242, 60)]
[(-15706, 2508, -2988), (-120, 242, 60)]
[(-15687, 2515, -2990), (-89, 257, 33)]
[(-15687, 2515, -2990), (-89, 257, 33)]
[(-15687, 2515, -2990), (-89, 257, 33)]
[(-15687, 2515, -2990), (-89, 257, 33)]
[(-15687, 2515, -2990), (-89, 257, 33)]
[(-15687, 2515, -2990), (-89, 257, 33)]
[(-15643, 2523, -3016), (-87, 263, 5)]
[(-15643, 2523, -3016), (-87, 263, 5)]
[(-15643, 2523, -3016), (-87, 263, 5)]
[(-15643, 2523, -3016), (-87, 263, 5)]
[(-15643, 2523, -3016), (-87, 263, 5)]
[(-15643, 2523, -3016), (-87, 263, 5)]
[(-15643, 2523, -3016), (-87, 263, 5)]
[(-15689, 2507, -3026), (-78, 221, 25)]
[(-15689, 2507, -3026), (-78, 221, 25)]
[(-15689, 2507, -3026), (-78, 221, 25)]
[(-15689, 2507, -3026), (-78, 221, 25)]
[(-15689, 2507, -3026), (-78, 221, 25)]
[(-15684, 2506, -2995), (-173, 209, 52)]
[(-15684, 2506, -2995), (-173, 209, 52)]
[(-15684, 2506, -2995), (-173, 209, 52)]
[(-15684, 2506, -2995), (-173, 209, 52)]
[(-15684, 2506, -2995), (-173, 209, 52)]
[(-15684, 2506, -2995), (-173, 209, 52)]
[(-15656, 2515, -3002), (-145, 192, 33)]
[(-15656, 2515, -3002), (-145, 192, 33)]
[(-15656, 2515, -3002), (-145, 192, 33)]
[(-15656, 2515, -3002), (-145, 192, 33)]
[(-15656, 2515, -3002), (-145, 192, 33)]
[(-15656, 2515, -3002), (-145, 192, 33)]
[(-15656, 2515, -3002), (-145, 192, 33)]
[(-15664, 2516, -3022), (-76, 213, -20)]
[(-15664, 2516, -3022), (-76, 213, -20)]
[(-15664, 2516, -3022), (-76, 213, -20)]
[(-15664, 2516, -3022), (-76, 213, -20)]
[(-15664, 2516, -3022), (-76, 213, -20)]
[(-15644, 2521, -3014), (-59, 239, -41)]
[(-15644, 2521, -3014), (-59, 239, -41)]
[(-15644, 2521, -3014), (-59, 239, -41)]
[(-15644, 2521, -3014), (-59, 239, -41)]
[(-15644, 2521, -3014), (-59, 239, -41)]
[(-15644, 2521, -3014), (-59, 239, -41)]
[(-15674, 2513, -3008), (-76, 230, -18)]
[(-15674, 2513, -3008), (-76, 230, -18)]
[(-15674, 2513, -3008), (-76, 230, -18)]
[(-15674, 2513, -3008), (-76, 230, -18)]
[(-15674, 2513, -3008), (-76, 230, -18)]
[(-15674, 2513, -3008), (-76, 230, -18)]
[(-15674, 2513, -3008), (-76, 230, -18)]
[(-15671, 2542, -3035), (-99, 230, 0)]
[(-15671, 2542, -3035), (-99, 230, 0)]
[(-15671, 2542, -3035), (-99, 230, 0)]
[(-15671, 2542, -3035), (-99, 230, 0)]
[(-15671, 2542, -3035), (-99, 230, 0)]
[(-15688, 2581, -3049), (-94, 219, 7)]
[(-15688, 2581, -3049), (-94, 219, 7)]
[(-15688, 2581, -3049), (-94, 219, 7)]
[(-15688, 2581, -3049), (-94, 219, 7)]
[(-15688, 2581, -3049), (-94, 219, 7)]
[(-15688, 2581, -3049), (-94, 219, 7)]
[(-15681, 2556, -3036), (-54, 207, -28)]
[(-15681, 2556, -3036), (-54, 207, -28)]
[(-15681, 2556, -3036), (-54, 207, -28)]
[(-15681, 2556, -3036), (-54, 207, -28)]
[(-15681, 2556, -3036), (-54, 207, -28)]
[(-15681, 2556, -3036), (-54, 207, -28)]
[(-15681, 2556, -3036), (-54, 207, -28)]
[(-15712, 2511, -3022), (-62, 215, -9)]
[(-15712, 2511, -3022), (-62, 215, -9)]
[(-15712, 2511, -3022), (-62, 215, -9)]
[(-15712, 2511, -3022), (-62, 215, -9)]
[(-15712, 2511, -3022), (-62, 215, -9)]
[(-15700, 2532, -3057), (-82, 204, 31)]
[(-15700, 2532, -3057), (-82, 204, 31)]
[(-15700, 2532, -3057), (-82, 204, 31)]
[(-15700, 2532, -3057), (-82, 204, 31)]
[(-15700, 2532, -3057), (-82, 204, 31)]
[(-15700, 2532, -3057), (-82, 204, 31)]
[(-15671, 2528, -3068), (-81, 205, 43)]
[(-15671, 2528, -3068), (-81, 205, 43)]
[(-15671, 2528, -3068), (-81, 205, 43)]
[(-15671, 2528, -3068), (-81, 205, 43)]
[(-15671, 2528, -3068), (-81, 205, 43)]
[(-15675, 2537, -3080), (-76, 205, 27)]
[(-15675, 2537, -3080), (-76, 205, 27)]
[(-15675, 2537, -3080), (-76, 205, 27)]
[(-15675, 2537, -3080), (-76, 205, 27)]
[(-15675, 2537, -3080), (-76, 205, 27)]
[(-15675, 2537, -3080), (-76, 205, 27)]
[(-15675, 2537, -3080), (-76, 205, 27)]
[(-15676, 2532, -3072), (-31, 193, 3)]
[(-15676, 2532, -3072), (-31, 193, 3)]
[(-15676, 2532, -3072), (-31, 193, 3)]
[(-15676, 2532, -3072), (-31, 193, 3)]
[(-15676, 2532, -3072), (-31, 193, 3)]
[(-15676, 2532, -3072), (-31, 193, 3)]
[(-15692, 2521, -3084), (-34, 217, 20)]
[(-15692, 2521, -3084), (-34, 217, 20)]
[(-15692, 2521, -3084), (-34, 217, 20)]
[(-15692, 2521, -3084), (-34, 217, 20)]