[(-15668, 2500, -3242), (-72, 188, -17)]
[(-15669, 2490, -3225), (-79, 186, 0)]
[(-15669, 2490, -3225), (-79, 186, 0)]
[(-15664, 2505, -3224), (-117, 187, 49)]
[(-15664, 2505, -3224), (-117, 187, 49)]
[(-15664, 2505, -3224), (-117, 187, 49)]
[(-15664, 2505, -3224), (-117, 187, 49)]
[(-15664, 2505, -3224), (-117, 187, 49)]
[(-15664, 2505, -3224), (-117, 187, 49)]
[(-15664, 2505, -3224), (-117, 187, 49)]
[(-15664, 2505, -3224), (-117, 187, 49)]
[(-15654, 2496, -3264), (-155, 217, 72)]
[(-15654, 2496, -3264), (-155, 217, 72)]
[(-15654, 2496, -3264), (-155, 217, 72)]
[(-15654, 2496, -3264), (-155, 217, 72)]
[(-15654, 2496, -3264), (-155, 217, 72)]
[(-15623, 2509, -3245), (-209, 227, 46)]
[(-15623, 2509, -3245), (-209, 227, 46)]
[(-15623, 2509, -3245), (-209, 227, 46)]
[(-15623, 2509, -3245), (-209, 227, 46)]
[(-15623, 2509, -3245), (-209, 227, 46)]
[(-15624, 2515, -3249), (-202, 232, 25)]
[(-15624, 2515, -3249), (-202, 232, 25)]
[(-15624, 2515, -3249), (-202, 232, 25)]
[(-15624, 2515, -3249), (-202, 232, 25)]
[(-15624, 2515, -3249), (-202, 232, 25)]
[(-15624, 2515, -3249), (-202, 232, 25)]
[(-15624, 2515, -3249), (-202, 232, 25)]
[(-15624, 2515, -3249), (-202, 232, 25)]
[(-15630, 2514, -3233), (-211, 231, 18)]
[(-15630, 2514, -3233), (-211, 231, 18)]
[(-15630, 2514, -3233), (-211, 231, 18)]
[(-15630, 2514, -3233), (-211, 231, 18)]
[(-15630, 2514, -3233), (-211, 231, 18)]
[(-15640, 2526, -3254), (-180, 215, 21)]
[(-15640, 2526, -3254), (-180, 215, 21)]
[(-15640, 2526, -3254), (-180, 215, 21)]
[(-15640, 2526, -3254), (-180, 215, 21)]
[(-15640, 2526, -3254), (-180, 215, 21)]
[(-15656, 2525, -3259), (-175, 220, 49)]
[(-15656, 2525, -3259), (-175, 220, 49)]
[(-15656, 2525, -3259), (-175, 220, 49)]
[(-15656, 2525, -3259), (-175, 220, 49)]
[(-15656, 2525, -3259), (-175, 220, 49)]
[(-15656, 2525, -3259), (-175, 220, 49)]
[(-15656, 2525, -3259), (-175, 220, 49)]
[(-15656, 2525, -3259), (-175, 220, 49)]
[(-15646, 2540, -3252), (-136, 216, 62)]
[(-15646, 2540, -3252), (-136, 216, 62)]
[(-15646, 2540, -3252), (-136, 216, 62)]
[(-15646, 2540, -3252), (-136, 216, 62)]
[(-15646, 2540, -3252), (-136, 216, 62)]
[(-15648, 2547, -3239), (-123, 237, 51)]
[(-15648, 2547, -3239), (-123, 237, 51)]
[(-15648, 2547, -3239), (-123, 237, 51)]
[(-15648, 2547, -3239), (-123, 237, 51)]
[(-15648, 2547, -3239), (-123, 237, 51)]
[(-15667, 2516, -3208), (-135, 251, 57)]
[(-15667, 2516, -3208), (-135, 251, 57)]
[(-15667, 2516, -3208), (-135, 251, 57)]
[(-15667, 2516, -3208), (-135, 251, 57)]
[(-15667, 2516, -3208), (-135, 251, 57)]
[(-15667, 2516, -3208), (-135, 251, 57)]
[(-15667, 2516, -3208), (-135, 251, 57)]
[(-15667, 2516, -3208), (-135, 251, 57)]
[(-15667, 2514, -3220), (-187, 258, 58)]
[(-15667, 2514, -3220), (-187, 258, 58)]
[(-15667, 2514, -3220), (-187, 258, 58)]
[(-15667, 2514, -3220), (-187, 258, 58)]
[(-15667, 2514, -3220), (-187, 258, 58)]
[(-15648, 2508, -3217), (-189, 259, 25)]
[(-15648, 2508, -3217), (-189, 259, 25)]
[(-15648, 2508, -3217), (-189, 259, 25)]
[(-15648, 2508, -3217), (-189, 259, 25)]
[(-15648, 2508, -3217), (-189, 259, 25)]
[(-15655, 2501, -3213), (-149, 233, 23)]
[(-15655, 2501, -3213), (-149, 233, 23)]
[(-15655, 2501, -3213), (-149, 233, 23)]
[(-15655, 2501, -3213), (-149, 233, 23)]
[(-15655, 2501, -3213), (-149, 233, 23)]
[(-15655, 2501, -3213), (-149, 233, 23)]
[(-15655, 2501, -3213), (-149, 233, 23)]
[(-15655, 2501, -3213), (-149, 233, 23)]
[(-15648, 2517, -3219), (-155, 237, 33)]
[(-15648, 2517, -3219), (-155, 237, 33)]
[(-15648, 2517, -3219), (-155, 237, 33)]
[(-15648, 2517, -3219), (-155, 237, 33)]
[(-15648, 2517, -3219), (-155, 237, 33)]
[(-15650, 2504, -3216), (-177, 243, 22)]
[(-15650, 2504, -3216), (-177, 243, 22)]
[(-15650, 2504, -3216), (-177, 243, 22)]
[(-15650, 2504, -3216), (-177, 243, 22)]
[(-15650, 2504, -3216), (-177, 243, 22)]
[(-15651, 2513, -3224), (-188, 253, 5)]
[(-15651, 2513, -3224), (-188, 253, 5)]
[(-15651, 2513, -3224), (-188, 253, 5)]
[(-15651, 2513, -3224), (-188, 253, 5)]
[(-15651, 2513, -3224), (-188, 253, 5)]
[(-15651, 2513, -3224), (-188, 253, 5)]
[(-15644, 2528, -3239), (-185, 262, -2)]
[(-15644, 2528, -3239), (-185, 262, -2)]
[(-15644, 2528, -3239), (-185, 262, -2)]
[(-15644, 2528, -3239), (-185, 262, -2)]
[(-15644, 2528, -3239), (-185, 262, -2)]
[(-15644, 2528, -3239), (-185, 262, -2)]
[(-15644, 2528, -3239), (-185, 262, -2)]
[(-15640, 2514, -3230), (-168, 249, -1)]
[(-15640, 2514, -3230), (-168, 249, -1)]
[(-15640, 2514, -3230), (-168, 249, -1)]
[(-15640, 2514, -3230), (-168, 249, -1)]
[(-15640, 2514, -3230), (-168, 249, -1)]
[(-15640, 2514, -3230), (-168, 249, -1)]
[(-15627, 2520, -3217), (-158, 238, 2)]
[(-15627, 2520, -3217), (-158, 238, 2)]
[(-15627, 2520, -3217), (-158, 238, 2)]
[(-15627, 2520, -3217), (-158, 238, 2)]
[(-15627, 2520, -3217), (-158, 238, 2)]
[(-15656, 2514, -3218), (-112, 213, -8)]
[(-15656, 2514, -3218), (-112, 213, -8)]
[(-15656, 2514, -3218), (-112, 213, -8)]
[(-15656, 2514, -3218), (-112, 213, -8)]
[(-15656, 2514, -3218), (-112, 213, -8)]
[(-15656, 2514, -3218), (-112, 213, -8)]
[(-15656, 2514, -3218), (-112, 213, -8)]
[(-15675, 2496, -3212), (-57, 209, 37)]
[(-15675, 2496, -3212), (-57, 209, 37)]
[(-15675, 2496, -3212), (-57, 209, 37)]
[(-15675, 2496, -3212), (-57, 209, 37)]
[(-15675, 2496, -3212), (-57, 209, 37)]
[(-15671, 2498, -3243), (-44, 225, 32)]
[(-15671, 2498, -3243), (-44, 225, 32)]
[(-15671, 2498, -3243), (-44, 225, 32)]
[(-15671, 2498, -3243), (-44, 225, 32)]
[(-15671, 2498, -3243), (-44, 225, 32)]
[(-15671, 2498, -3243), (-44, 225, 32)]
[(-15648, 2519, -3283), (-38, 230, -7)]
[(-15648, 2519, -3283), (-38, 230, -7)]
[(-15648, 2519, -3283), (-38, 230, -7)]
[(-15648, 2519, -3283), (-38, 230, -7)]
[(-15648, 2519, -3283), (-38, 230, -7)]
[(-15648, 2519, -3283), (-38, 230, -7)]
[(-15648, 2519, -3283), (-38, 230, -7)]
[(-15643, 2534, -3281), (-38, 243, -40)]
[(-15643, 2534, -3281), (-38, 243, -40)]
[(-15643, 2534, -3281), (-38, 243, -40)]
[(-15643, 2534, -3281), (-38, 243, -40)]
[(-15643, 2534, -3281), (-38, 243, -40)]
[(-15644, 2535, -3281), (-53, 256, -25)]
[(-15644, 2535, -3281), (-53, 256, -25)]
[(-15644, 2535, -3281), (-53, 256, -25)]
[(-15644, 2535, -3281), (-53, 256, -25)]
[(-15644, 2535, -3281), (-53, 256, -25)]
[(-15644, 2535, -3281), (-53, 256, -25)]
[(-15640, 2535, -3265), (-70, 272, -16)]
[(-15640, 2535, -3265), (-70, 272, -16)]
[(-15640, 2535, -3265), (-70, 272, -16)]
[(-15640, 2535, -3265), (-70, 272, -16)]
[(-15640, 2535, -3265), (-70, 272, -16)]
[(-15640, 2535, -3265), (-70, 272, -16)]
[(-15640, 2535, -3265), (-70, 272, -16)]
[(-15654, 2544, -3294), (-49, 245, -46)]
[(-15654, 2544, -3294), (-49, 245, -46)]
[(-15654, 2544, -3294), (-49, 245, -46)]
[(-15654, 2544, -3294), (-49, 245, -46)]
[(-15654, 2544, -3294), (-49, 245, -46)]
[(-15642, 2553, -3302), (-56, 221, -66)]
[(-15642, 2553, -3302), (-56, 221, -66)]
[(-15642, 2553, -3302), (-56, 221, -66)]
[(-15642, 2553, -3302), (-56, 221, -66)]
[(-15642, 2553, -3302), (-56, 221, -66)]
[(-15642, 2553, -3302), (-56, 221, -66)]
[(-15642, 2549, -3306), (-95, 222, -53)]
[(-15642, 2549, -3306), (-95, 222, -53)]
[(-15642, 2549, -3306), (-95, 222, -53)]
[(-15642, 2549, -3306), (-95, 222, -53)]
[(-15642, 2549, -3306), (-95, 222, -53)]
[(-15642, 2549, -3306), (-95, 222, -53)]
[(-15642, 2549, -3306), (-95, 222, -53)]
[(-15648, 2559, -3304), (-121, 246, -29)]
[(-15648, 2559, -3304), (-121, 246, -29)]
[(-15648, 2559, -3304), (-121, 246, -29)]
[(-15648, 2559, -3304), (-121, 246, -29)]
[(-15648, 2559, -3304), (-121, 246, -29)]
[(-15611, 2547, -3313), (-111, 253, -26)]
[(-15611, 2547, -3313), (-111, 253, -26)]
[(-15611, 2547, -3313), (-111, 253, -26)]
[(-15611, 2547, -3313), (-111, 253, -26)]
[(-15611, 2547, -3313), (-111, 253, -26)]
[(-15611, 2547, -3313), (-111, 253, -26)]
[(-15610, 2532, -3345), (-112, 256, -37)]
[(-15610, 2532, -3345), (-112, 256, -37)]
[(-15610, 2532, -3345), (-112, 256, -37)]
[(-15610, 2532, -3345), (-112, 256, -37)]
[(-15610, 2532, -3345), (-112, 256, -37)]
[(-15610, 2532, -3345), (-112, 256, -37)]
[(-15610, 2532, -3345), (-112, 256, -37)]
[(-15610, 2532, -3345), (-112, 256, -37)]
[(-15610, 2532, -3345), (-112, 256, -37)]
[(-15602, 2597, -3337), (-94, 203, -55)]
[(-15602, 2597, -3337), (-94, 203, -55)]
[(-15602, 2597, -3337), (-94, 203, -55)]
[(-15628, 2585, -3327), (-94, 154, -59)]
[(-15628, 2585, -3327), (-94, 154, -59)]
[(-15628, 2585, -3327), (-94, 154, -59)]
[(-15628, 2585, -3327), (-94, 154, -59)]
[(-15628, 2585, -3327), (-94, 154, -59)]
[(-15628, 2585, -3327), (-94, 154, -59)]
[(-15640, 2551, -3291), (-133, 202, -21)]