[(-15057, 2519, -5896), (-688, 756, 495)]
[(-15004, 2637, -5958), (-551, 694, 325)]
[(-15004, 2637, -5958), (-551, 694, 325)]
[(-15004, 2637, -5958), (-551, 694, 325)]
[(-15004, 2637, -5958), (-551, 694, 325)]
[(-15004, 2637, -5958), (-551, 694, 325)]
[(-15004, 2637, -5958), (-551, 694, 325)]
[(-15016, 2755, -6012), (-438, 576, 339)]
[(-15016, 2755, -6012), (-438, 576, 339)]
[(-15016, 2755, -6012), (-438, 576, 339)]
[(-15016, 2755, -6012), (-438, 576, 339)]
[(-15016, 2755, -6012), (-438, 576, 339)]
[(-15016, 2755, -6012), (-438, 576, 339)]
[(-15016, 2755, -6012), (-438, 576, 339)]
[(-15016, 2755, -6012), (-438, 576, 339)]
[(-15016, 2755, -6012), (-438, 576, 339)]
[(-14939, 2849, -6044), (-431, 545, 499)]
[(-14939, 2849, -6044), (-431, 545, 499)]
[(-14939, 2849, -6044), (-431, 545, 499)]
[(-14939, 2849, -6044), (-431, 545, 499)]
[(-14888, 2967, -6072), (-436, 518, 550)]
[(-14888, 2967, -6072), (-436, 518, 550)]
[(-14888, 2967, -6072), (-436, 518, 550)]
[(-14888, 2967, -6072), (-436, 518, 550)]
[(-14888, 2967, -6072), (-436, 518, 550)]
[(-14859, 3124, -6099), (-481, 563, 598)]
[(-14859, 3124, -6099), (-481, 563, 598)]
[(-14859, 3124, -6099), (-481, 563, 598)]
[(-14859, 3124, -6099), (-481, 563, 598)]
[(-14859, 3124, -6099), (-481, 563, 598)]
[(-14832, 3235, -6089), (-533, 540, 499)]
[(-14832, 3235, -6089), (-533, 540, 499)]
[(-14832, 3235, -6089), (-533, 540, 499)]
[(-14832, 3235, -6089), (-533, 540, 499)]
[(-14832, 3235, -6089), (-533, 540, 499)]
[(-14832, 3235, -6089), (-533, 540, 499)]
[(-14832, 3235, -6089), (-533, 540, 499)]
[(-14832, 3235, -6089), (-533, 540, 499)]
[(-14849, 3195, -6071), (-170, 493, 527)]
[(-14849, 3195, -6071), (-170, 493, 527)]
[(-14849, 3195, -6071), (-170, 493, 527)]
[(-14849, 3195, -6071), (-170, 493, 527)]
[(-14849, 3195, -6071), (-170, 493, 527)]
[(-14944, 3268, -6144), (-326, 447, 494)]
[(-14944, 3268, -6144), (-326, 447, 494)]
[(-14944, 3268, -6144), (-326, 447, 494)]
[(-14944, 3268, -6144), (-326, 447, 494)]
[(-14944, 3268, -6144), (-326, 447, 494)]
[(-14898, 3365, -6195), (-224, 423, 381)]
[(-14898, 3365, -6195), (-224, 423, 381)]
[(-14898, 3365, -6195), (-224, 423, 381)]
[(-14898, 3365, -6195), (-224, 423, 381)]
[(-14898, 3365, -6195), (-224, 423, 381)]
[(-14898, 3365, -6195), (-224, 423, 381)]
[(-14898, 3365, -6195), (-224, 423, 381)]
[(-14898, 3365, -6195), (-224, 423, 381)]
[(-14832, 3444, -6208), (-405, 382, 282)]
[(-14832, 3444, -6208), (-405, 382, 282)]
[(-14832, 3444, -6208), (-405, 382, 282)]
[(-14832, 3444, -6208), (-405, 382, 282)]
[(-14832, 3444, -6208), (-405, 382, 282)]
[(-14832, 3444, -6208), (-405, 382, 282)]
[(-14832, 3444, -6208), (-405, 382, 282)]
[(-14831, 3519, -6184), (-559, 358, 179)]
[(-14831, 3519, -6184), (-559, 358, 179)]
[(-14831, 3519, -6184), (-559, 358, 179)]
[(-14821, 3574, -6185), (-418, 396, 139)]
[(-14821, 3574, -6185), (-418, 396, 139)]
[(-14821, 3574, -6185), (-418, 396, 139)]
[(-14821, 3574, -6185), (-418, 396, 139)]
[(-14821, 3574, -6185), (-418, 396, 139)]
[(-14821, 3574, -6185), (-418, 396, 139)]
[(-14821, 3574, -6185), (-418, 396, 139)]
[(-14821, 3574, -6185), (-418, 396, 139)]
[(-14776, 3573, -6168), (-221, 388, 132)]
[(-14776, 3573, -6168), (-221, 388, 132)]
[(-14776, 3573, -6168), (-221, 388, 132)]
[(-14776, 3573, -6168), (-221, 388, 132)]
[(-14776, 3573, -6168), (-221, 388, 132)]
[(-14749, 3624, -6189), (-200, 382, 119)]
[(-14749, 3624, -6189), (-200, 382, 119)]
[(-14749, 3624, -6189), (-200, 382, 119)]
[(-14749, 3624, -6189), (-200, 382, 119)]
[(-14749, 3624, -6189), (-200, 382, 119)]
[(-14739, 3625, -6207), (-171, 396, 84)]
[(-14739, 3625, -6207), (-171, 396, 84)]
[(-14739, 3625, -6207), (-171, 396, 84)]
[(-14739, 3625, -6207), (-171, 396, 84)]
[(-14739, 3625, -6207), (-171, 396, 84)]
[(-14739, 3625, -6207), (-171, 396, 84)]
[(-14739, 3625, -6207), (-171, 396, 84)]
[(-14704, 3684, -6212), (-185, 409, 87)]
[(-14704, 3684, -6212), (-185, 409, 87)]
[(-14704, 3684, -6212), (-185, 409, 87)]
[(-14704, 3684, -6212), (-185, 409, 87)]
[(-14704, 3684, -6212), (-185, 409, 87)]
[(-14704, 3684, -6212), (-185, 409, 87)]
[(-14698, 3733, -6215), (-154, 372, 45)]
[(-14698, 3733, -6215), (-154, 372, 45)]
[(-14698, 3733, -6215), (-154, 372, 45)]
[(-14698, 3733, -6215), (-154, 372, 45)]
[(-14698, 3733, -6215), (-154, 372, 45)]
[(-14716, 3617, -6251), (-85, 232, -22)]
[(-14716, 3617, -6251), (-85, 232, -22)]
[(-14716, 3617, -6251), (-85, 232, -22)]
[(-14716, 3617, -6251), (-85, 232, -22)]
[(-14716, 3617, -6251), (-85, 232, -22)]
[(-14716, 3617, -6251), (-85, 232, -22)]
[(-14716, 3617, -6251), (-85, 232, -22)]
[(-14716, 3617, -6251), (-85, 232, -22)]
[(-14733, 3730, -6209), (309, 32, -336)]
[(-14733, 3730, -6209), (309, 32, -336)]
[(-14733, 3730, -6209), (309, 32, -336)]
[(-14733, 3730, -6209), (309, 32, -336)]
[(-14733, 3730, -6209), (309, 32, -336)]
[(-14768, 3662, -6144), (199, 28, -241)]
[(-14768, 3662, -6144), (199, 28, -241)]
[(-14768, 3662, -6144), (199, 28, -241)]
[(-14768, 3662, -6144), (199, 28, -241)]
[(-14768, 3662, -6144), (199, 28, -241)]
[(-14768, 3662, -6144), (199, 28, -241)]
[(-14768, 3662, -6144), (199, 28, -241)]
[(-14768, 3662, -6144), (199, 28, -241)]
[(-14768, 3662, -6144), (199, 28, -241)]
[(-14792, 3581, -6087), (110, 97, -182)]
[(-14792, 3581, -6087), (110, 97, -182)]
[(-14792, 3581, -6087), (110, 97, -182)]
[(-14792, 3581, -6087), (110, 97, -182)]
[(-14805, 3522, -6047), (46, 148, -154)]
[(-14805, 3522, -6047), (46, 148, -154)]
[(-14805, 3522, -6047), (46, 148, -154)]
[(-14805, 3522, -6047), (46, 148, -154)]
[(-14805, 3522, -6047), (46, 148, -154)]
[(-14805, 3522, -6047), (46, 148, -154)]
[(-14805, 3522, -6047), (46, 148, -154)]
[(-14846, 3452, -6028), (20, 200, -86)]
[(-14846, 3452, -6028), (20, 200, -86)]
[(-14846, 3452, -6028), (20, 200, -86)]
[(-14828, 3429, -6053), (-7, 192, -45)]
[(-14828, 3429, -6053), (-7, 192, -45)]
[(-14828, 3429, -6053), (-7, 192, -45)]
[(-14828, 3429, -6053), (-7, 192, -45)]
[(-14828, 3429, -6053), (-7, 192, -45)]
[(-14828, 3429, -6053), (-7, 192, -45)]
[(-14828, 3429, -6053), (-7, 192, -45)]
[(-14732, 3595, -6049), (-209, 219, 48)]
[(-14732, 3595, -6049), (-209, 219, 48)]
[(-14732, 3595, -6049), (-209, 219, 48)]
[(-14732, 3595, -6049), (-209, 219, 48)]
[(-14732, 3595, -6049), (-209, 219, 48)]
[(-14732, 3595, -6049), (-209, 219, 48)]
[(-14822, 3585, -5999), (-243, 135, -505)]
[(-14822, 3585, -5999), (-243, 135, -505)]