[(-14141, 7084, -3970), (-121, 207, -14)]
[(-14142, 7088, -3964), (-150, 190, 20)]
[(-14142, 7088, -3964), (-150, 190, 20)]
[(-14142, 7088, -3964), (-150, 190, 20)]
[(-14142, 7088, -3964), (-150, 190, 20)]
[(-14111, 7080, -3985), (-140, 157, 13)]
[(-14111, 7080, -3985), (-140, 157, 13)]
[(-14111, 7080, -3985), (-140, 157, 13)]
[(-14111, 7080, -3985), (-140, 157, 13)]
[(-14111, 7080, -3985), (-140, 157, 13)]
[(-14111, 7080, -3985), (-140, 157, 13)]
[(-14111, 7080, -3985), (-140, 157, 13)]
[(-14111, 7080, -3985), (-140, 157, 13)]
[(-14112, 7048, -3955), (-139, 184, 8)]
[(-14112, 7048, -3955), (-139, 184, 8)]
[(-14112, 7048, -3955), (-139, 184, 8)]
[(-14112, 7048, -3955), (-139, 184, 8)]
[(-14112, 7048, -3955), (-139, 184, 8)]
[(-14151, 7053, -3928), (-167, 245, -4)]
[(-14151, 7053, -3928), (-167, 245, -4)]
[(-14151, 7053, -3928), (-167, 245, -4)]
[(-14151, 7053, -3928), (-167, 245, -4)]
[(-14151, 7053, -3928), (-167, 245, -4)]
[(-14151, 7053, -3928), (-167, 245, -4)]
[(-14151, 7041, -3928), (-207, 310, 7)]
[(-14151, 7041, -3928), (-207, 310, 7)]
[(-14151, 7041, -3928), (-207, 310, 7)]
[(-14151, 7041, -3928), (-207, 310, 7)]
[(-14151, 7041, -3928), (-207, 310, 7)]
[(-14148, 7036, -3928), (-175, 273, 29)]
[(-14148, 7036, -3928), (-175, 273, 29)]
[(-14148, 7036, -3928), (-175, 273, 29)]
[(-14148, 7036, -3928), (-175, 273, 29)]
[(-14148, 7036, -3928), (-175, 273, 29)]
[(-14148, 7036, -3928), (-175, 273, 29)]
[(-14148, 7036, -3928), (-175, 273, 29)]
[(-14156, 7032, -3935), (-142, 220, 27)]
[(-14156, 7032, -3935), (-142, 220, 27)]
[(-14156, 7032, -3935), (-142, 220, 27)]
[(-14156, 7032, -3935), (-142, 220, 27)]
[(-14156, 7032, -3935), (-142, 220, 27)]
[(-14156, 7032, -3935), (-142, 220, 27)]
[(-14114, 7052, -3924), (-160, 203, 51)]
[(-14114, 7052, -3924), (-160, 203, 51)]
[(-14114, 7052, -3924), (-160, 203, 51)]
[(-14114, 7052, -3924), (-160, 203, 51)]
[(-14114, 7052, -3924), (-160, 203, 51)]
[(-14108, 7056, -3916), (-165, 236, 53)]
[(-14108, 7056, -3916), (-165, 236, 53)]
[(-14108, 7056, -3916), (-165, 236, 53)]
[(-14108, 7056, -3916), (-165, 236, 53)]
[(-14108, 7056, -3916), (-165, 236, 53)]
[(-14108, 7056, -3916), (-165, 236, 53)]
[(-14108, 7056, -3916), (-165, 236, 53)]
[(-14102, 7047, -3918), (-166, 263, 62)]
[(-14102, 7047, -3918), (-166, 263, 62)]
[(-14102, 7047, -3918), (-166, 263, 62)]
[(-14102, 7047, -3918), (-166, 263, 62)]
[(-14102, 7047, -3918), (-166, 263, 62)]
[(-14102, 7047, -3918), (-166, 263, 62)]
[(-14099, 7083, -3920), (-154, 250, 59)]
[(-14099, 7083, -3920), (-154, 250, 59)]
[(-14099, 7083, -3920), (-154, 250, 59)]
[(-14099, 7083, -3920), (-154, 250, 59)]
[(-14099, 7083, -3920), (-154, 250, 59)]
[(-14099, 7083, -3920), (-154, 250, 59)]
[(-14099, 7083, -3920), (-154, 250, 59)]
[(-14119, 7093, -3917), (-131, 214, 27)]
[(-14119, 7093, -3917), (-131, 214, 27)]
[(-14119, 7093, -3917), (-131, 214, 27)]
[(-14119, 7093, -3917), (-131, 214, 27)]
[(-14119, 7093, -3917), (-131, 214, 27)]
[(-14139, 7072, -3900), (-121, 196, 19)]
[(-14139, 7072, -3900), (-121, 196, 19)]
[(-14139, 7072, -3900), (-121, 196, 19)]
[(-14139, 7072, -3900), (-121, 196, 19)]
[(-14139, 7072, -3900), (-121, 196, 19)]
[(-14139, 7072, -3900), (-121, 196, 19)]
[(-14139, 7072, -3900), (-121, 196, 19)]
[(-14139, 7072, -3900), (-121, 196, 19)]
[(-14139, 7039, -3938), (-153, 224, 10)]
[(-14139, 7039, -3938), (-153, 224, 10)]
[(-14139, 7039, -3938), (-153, 224, 10)]
[(-14153, 7056, -3901), (-170, 229, 11)]
[(-14153, 7056, -3901), (-170, 229, 11)]
[(-14153, 7056, -3901), (-170, 229, 11)]
[(-14153, 7056, -3901), (-170, 229, 11)]
[(-14153, 7056, -3901), (-170, 229, 11)]
[(-14153, 7056, -3901), (-170, 229, 11)]
[(-14153, 7056, -3901), (-170, 229, 11)]
[(-14157, 7078, -3898), (-143, 207, 15)]
[(-14157, 7078, -3898), (-143, 207, 15)]
[(-14157, 7078, -3898), (-143, 207, 15)]
[(-14157, 7078, -3898), (-143, 207, 15)]
[(-14157, 7078, -3898), (-143, 207, 15)]
[(-14157, 7078, -3898), (-143, 207, 15)]
[(-14166, 7070, -3889), (-148, 158, 17)]
[(-14166, 7070, -3889), (-148, 158, 17)]
[(-14166, 7070, -3889), (-148, 158, 17)]
[(-14166, 7070, -3889), (-148, 158, 17)]
[(-14166, 7070, -3889), (-148, 158, 17)]
[(-14149, 7100, -3870), (-119, 121, 18)]
[(-14149, 7100, -3870), (-119, 121, 18)]
[(-14149, 7100, -3870), (-119, 121, 18)]
[(-14149, 7100, -3870), (-119, 121, 18)]
[(-14149, 7100, -3870), (-119, 121, 18)]
[(-14149, 7100, -3870), (-119, 121, 18)]
[(-14149, 7100, -3870), (-119, 121, 18)]
[(-14149, 7100, -3870), (-119, 121, 18)]
[(-14136, 7092, -3856), (-85, 146, 12)]
[(-14136, 7092, -3856), (-85, 146, 12)]
[(-14136, 7092, -3856), (-85, 146, 12)]
[(-14136, 7092, -3856), (-85, 146, 12)]
[(-14136, 7092, -3856), (-85, 146, 12)]
[(-14100, 7093, -3890), (-79, 202, -2)]
[(-14100, 7093, -3890), (-79, 202, -2)]
[(-14100, 7093, -3890), (-79, 202, -2)]
[(-14100, 7093, -3890), (-79, 202, -2)]
[(-14100, 7093, -3890), (-79, 202, -2)]
[(-14100, 7075, -3912), (-91, 203, -14)]
[(-14100, 7075, -3912), (-91, 203, -14)]
[(-14100, 7075, -3912), (-91, 203, -14)]
[(-14100, 7075, -3912), (-91, 203, -14)]
[(-14100, 7075, -3912), (-91, 203, -14)]
[(-14100, 7075, -3912), (-91, 203, -14)]
[(-14100, 7075, -3912), (-91, 203, -14)]
[(-14128, 7098, -3900), (-115, 177, -15)]
[(-14128, 7098, -3900), (-115, 177, -15)]
[(-14128, 7098, -3900), (-115, 177, -15)]
[(-14128, 7098, -3900), (-115, 177, -15)]
[(-14128, 7098, -3900), (-115, 177, -15)]
[(-14128, 7098, -3900), (-115, 177, -15)]
[(-14140, 7078, -3905), (-90, 102, 9)]
[(-14140, 7078, -3905), (-90, 102, 9)]
[(-14140, 7078, -3905), (-90, 102, 9)]
[(-14140, 7078, -3905), (-90, 102, 9)]
[(-14140, 7078, -3905), (-90, 102, 9)]
[(-14148, 7070, -3907), (-132, 90, 10)]
[(-14148, 7070, -3907), (-132, 90, 10)]
[(-14148, 7070, -3907), (-132, 90, 10)]
[(-14148, 7070, -3907), (-132, 90, 10)]
[(-14148, 7070, -3907), (-132, 90, 10)]