[(-14115, 7084, -4000), (2, 193, 52)]
[(-14109, 7079, -4022), (-3, 230, 46)]
[(-14109, 7079, -4022), (-3, 230, 46)]
[(-14109, 7079, -4022), (-3, 230, 46)]
[(-14093, 7077, -4050), (-48, 182, 44)]
[(-14093, 7077, -4050), (-48, 182, 44)]
[(-14093, 7077, -4050), (-48, 182, 44)]
[(-14093, 7077, -4050), (-48, 182, 44)]
[(-14093, 7077, -4050), (-48, 182, 44)]
[(-14078, 7100, -4045), (-76, 156, 26)]
[(-14078, 7100, -4045), (-76, 156, 26)]
[(-14078, 7100, -4045), (-76, 156, 26)]
[(-14078, 7100, -4045), (-76, 156, 26)]
[(-14078, 7100, -4045), (-76, 156, 26)]
[(-14078, 7100, -4045), (-76, 156, 26)]
[(-14073, 7116, -4050), (-101, 164, 6)]
[(-14073, 7116, -4050), (-101, 164, 6)]
[(-14073, 7116, -4050), (-101, 164, 6)]
[(-14073, 7116, -4050), (-101, 164, 6)]
[(-14073, 7116, -4050), (-101, 164, 6)]
[(-14073, 7116, -4050), (-101, 164, 6)]
[(-14073, 7116, -4050), (-101, 164, 6)]
[(-14094, 7095, -4007), (-101, 211, 13)]
[(-14094, 7095, -4007), (-101, 211, 13)]
[(-14094, 7095, -4007), (-101, 211, 13)]
[(-14094, 7095, -4007), (-101, 211, 13)]
[(-14094, 7095, -4007), (-101, 211, 13)]
[(-14116, 7098, -4004), (-133, 236, 29)]
[(-14116, 7098, -4004), (-133, 236, 29)]
[(-14116, 7098, -4004), (-133, 236, 29)]
[(-14116, 7098, -4004), (-133, 236, 29)]
[(-14116, 7098, -4004), (-133, 236, 29)]
[(-14116, 7098, -4004), (-133, 236, 29)]
[(-14100, 7119, -4029), (-132, 197, 42)]
[(-14100, 7119, -4029), (-132, 197, 42)]
[(-14100, 7119, -4029), (-132, 197, 42)]
[(-14100, 7119, -4029), (-132, 197, 42)]
[(-14100, 7119, -4029), (-132, 197, 42)]
[(-14087, 7124, -4004), (-124, 176, 31)]
[(-14087, 7124, -4004), (-124, 176, 31)]
[(-14087, 7124, -4004), (-124, 176, 31)]
[(-14087, 7124, -4004), (-124, 176, 31)]
[(-14087, 7124, -4004), (-124, 176, 31)]
[(-14087, 7124, -4004), (-124, 176, 31)]
[(-14087, 7124, -4004), (-124, 176, 31)]
[(-14087, 7124, -4004), (-124, 176, 31)]
[(-14100, 7096, -3998), (-104, 181, 25)]
[(-14100, 7096, -3998), (-104, 181, 25)]
[(-14100, 7096, -3998), (-104, 181, 25)]
[(-14100, 7096, -3998), (-104, 181, 25)]
[(-14100, 7096, -3998), (-104, 181, 25)]
[(-14095, 7072, -4004), (-111, 225, 35)]
[(-14095, 7072, -4004), (-111, 225, 35)]
[(-14095, 7072, -4004), (-111, 225, 35)]
[(-14095, 7072, -4004), (-111, 225, 35)]
[(-14095, 7072, -4004), (-111, 225, 35)]
[(-14111, 7092, -4004), (-134, 252, 31)]
[(-14111, 7092, -4004), (-134, 252, 31)]
[(-14111, 7092, -4004), (-134, 252, 31)]
[(-14111, 7092, -4004), (-134, 252, 31)]
[(-14111, 7092, -4004), (-134, 252, 31)]
[(-14111, 7092, -4004), (-134, 252, 31)]
[(-14111, 7092, -4004), (-134, 252, 31)]
[(-14111, 7092, -4004), (-134, 252, 31)]
[(-14116, 7100, -4011), (-120, 186, 42)]
[(-14116, 7100, -4011), (-120, 186, 42)]
[(-14116, 7100, -4011), (-120, 186, 42)]
[(-14116, 7100, -4011), (-120, 186, 42)]
[(-14116, 7100, -4011), (-120, 186, 42)]
[(-14105, 7107, -4012), (-138, 147, 50)]
[(-14105, 7107, -4012), (-138, 147, 50)]
[(-14105, 7107, -4012), (-138, 147, 50)]
[(-14105, 7107, -4012), (-138, 147, 50)]
[(-14105, 7107, -4012), (-138, 147, 50)]
[(-14094, 7147, -3990), (-167, 151, 22)]
[(-14094, 7147, -3990), (-167, 151, 22)]
[(-14094, 7147, -3990), (-167, 151, 22)]
[(-14094, 7147, -3990), (-167, 151, 22)]
[(-14094, 7147, -3990), (-167, 151, 22)]
[(-14094, 7147, -3990), (-167, 151, 22)]
[(-14094, 7147, -3990), (-167, 151, 22)]
[(-14079, 7170, -4000), (-168, 189, 0)]
[(-14079, 7170, -4000), (-168, 189, 0)]
[(-14079, 7170, -4000), (-168, 189, 0)]
[(-14079, 7170, -4000), (-168, 189, 0)]
[(-14079, 7170, -4000), (-168, 189, 0)]
[(-14079, 7170, -4000), (-168, 189, 0)]
[(-14054, 7156, -4015), (-140, 229, 17)]
[(-14054, 7156, -4015), (-140, 229, 17)]
[(-14054, 7156, -4015), (-140, 229, 17)]
[(-14054, 7156, -4015), (-140, 229, 17)]
[(-14054, 7156, -4015), (-140, 229, 17)]
[(-14048, 7152, -4043), (-137, 235, 24)]
[(-14048, 7152, -4043), (-137, 235, 24)]
[(-14048, 7152, -4043), (-137, 235, 24)]
[(-14048, 7152, -4043), (-137, 235, 24)]
[(-14048, 7152, -4043), (-137, 235, 24)]
[(-14048, 7152, -4043), (-137, 235, 24)]
[(-14048, 7152, -4043), (-137, 235, 24)]
[(-14048, 7152, -4043), (-137, 235, 24)]
[(-14048, 7152, -4043), (-137, 235, 24)]
[(-14040, 7151, -4042), (-123, 207, 11)]
[(-14040, 7151, -4042), (-123, 207, 11)]
[(-14040, 7151, -4042), (-123, 207, 11)]
[(-14040, 7151, -4042), (-123, 207, 11)]
[(-14047, 7128, -4053), (-125, 212, -17)]
[(-14047, 7128, -4053), (-125, 212, -17)]
[(-14047, 7128, -4053), (-125, 212, -17)]
[(-14047, 7128, -4053), (-125, 212, -17)]
[(-14047, 7128, -4053), (-125, 212, -17)]
[(-14065, 7120, -4048), (-59, 176, 18)]
[(-14065, 7120, -4048), (-59, 176, 18)]
[(-14065, 7120, -4048), (-59, 176, 18)]
[(-14065, 7120, -4048), (-59, 176, 18)]
[(-14065, 7120, -4048), (-59, 176, 18)]
[(-14065, 7120, -4048), (-59, 176, 18)]
[(-14065, 7120, -4048), (-59, 176, 18)]
[(-14065, 7120, -4048), (-59, 176, 18)]
[(-14061, 7152, -4057), (-129, 226, 19)]
[(-14061, 7152, -4057), (-129, 226, 19)]
[(-14061, 7152, -4057), (-129, 226, 19)]
[(-14061, 7152, -4057), (-129, 226, 19)]
[(-14061, 7152, -4057), (-129, 226, 19)]
[(-14048, 7116, -4076), (-106, 204, 47)]
[(-14048, 7116, -4076), (-106, 204, 47)]
[(-14048, 7116, -4076), (-106, 204, 47)]
[(-14048, 7116, -4076), (-106, 204, 47)]
[(-14048, 7116, -4076), (-106, 204, 47)]
[(-14071, 7129, -4077), (-114, 203, 38)]
[(-14071, 7129, -4077), (-114, 203, 38)]
[(-14071, 7129, -4077), (-114, 203, 38)]
[(-14071, 7129, -4077), (-114, 203, 38)]
[(-14071, 7129, -4077), (-114, 203, 38)]
[(-14071, 7129, -4077), (-114, 203, 38)]
[(-14071, 7129, -4077), (-114, 203, 38)]
[(-14071, 7129, -4077), (-114, 203, 38)]
[(-14056, 7120, -4088), (-95, 174, 6)]
[(-14056, 7120, -4088), (-95, 174, 6)]
[(-14056, 7120, -4088), (-95, 174, 6)]
[(-14056, 7120, -4088), (-95, 174, 6)]
[(-14056, 7120, -4088), (-95, 174, 6)]
[(-14080, 7120, -4089), (-61, 145, -25)]
[(-14080, 7120, -4089), (-61, 145, -25)]