[(-14160, 7035, -3963), (-103, 237, -41)]
[(-14152, 7044, -3951), (-125, 231, -23)]
[(-14152, 7044, -3951), (-125, 231, -23)]
[(-14152, 7044, -3951), (-125, 231, -23)]
[(-14152, 7044, -3951), (-125, 231, -23)]
[(-14157, 7026, -3952), (-147, 227, -9)]
[(-14157, 7026, -3952), (-147, 227, -9)]
[(-14157, 7026, -3952), (-147, 227, -9)]
[(-14157, 7026, -3952), (-147, 227, -9)]
[(-14157, 7026, -3952), (-147, 227, -9)]
[(-14157, 7026, -3952), (-147, 227, -9)]
[(-14161, 7023, -3984), (-122, 218, 0)]
[(-14161, 7023, -3984), (-122, 218, 0)]
[(-14161, 7023, -3984), (-122, 218, 0)]
[(-14161, 7023, -3984), (-122, 218, 0)]
[(-14161, 7023, -3984), (-122, 218, 0)]
[(-14171, 7027, -4028), (-113, 223, -10)]
[(-14171, 7027, -4028), (-113, 223, -10)]
[(-14171, 7027, -4028), (-113, 223, -10)]
[(-14171, 7027, -4028), (-113, 223, -10)]
[(-14171, 7027, -4028), (-113, 223, -10)]
[(-14171, 7027, -4028), (-113, 223, -10)]
[(-14171, 7027, -4028), (-113, 223, -10)]
[(-14172, 7011, -4004), (-118, 227, -13)]
[(-14172, 7011, -4004), (-118, 227, -13)]
[(-14172, 7011, -4004), (-118, 227, -13)]
[(-14172, 7011, -4004), (-118, 227, -13)]
[(-14172, 7011, -4004), (-118, 227, -13)]
[(-14172, 7011, -4004), (-118, 227, -13)]
[(-14169, 7036, -4009), (-141, 244, -10)]
[(-14169, 7036, -4009), (-141, 244, -10)]
[(-14169, 7036, -4009), (-141, 244, -10)]
[(-14169, 7036, -4009), (-141, 244, -10)]
[(-14169, 7036, -4009), (-141, 244, -10)]
[(-14180, 7061, -4024), (-109, 186, 36)]
[(-14180, 7061, -4024), (-109, 186, 36)]
[(-14180, 7061, -4024), (-109, 186, 36)]
[(-14180, 7061, -4024), (-109, 186, 36)]
[(-14180, 7061, -4024), (-109, 186, 36)]
[(-14180, 7061, -4024), (-109, 186, 36)]
[(-14180, 7061, -4024), (-109, 186, 36)]
[(-14155, 7046, -4022), (-143, 177, 42)]
[(-14155, 7046, -4022), (-143, 177, 42)]
[(-14155, 7046, -4022), (-143, 177, 42)]
[(-14155, 7046, -4022), (-143, 177, 42)]
[(-14155, 7046, -4022), (-143, 177, 42)]
[(-14155, 7046, -4022), (-143, 177, 42)]
[(-14131, 7076, -4004), (-130, 179, 18)]
[(-14131, 7076, -4004), (-130, 179, 18)]
[(-14131, 7076, -4004), (-130, 179, 18)]
[(-14131, 7076, -4004), (-130, 179, 18)]
[(-14131, 7076, -4004), (-130, 179, 18)]
[(-14136, 7061, -4023), (-115, 198, -3)]
[(-14136, 7061, -4023), (-115, 198, -3)]
[(-14136, 7061, -4023), (-115, 198, -3)]
[(-14136, 7061, -4023), (-115, 198, -3)]
[(-14136, 7061, -4023), (-115, 198, -3)]
[(-14136, 7061, -4023), (-115, 198, -3)]
[(-14136, 7061, -4023), (-115, 198, -3)]
[(-14136, 7061, -4023), (-115, 198, -3)]
[(-14136, 7061, -4023), (-115, 198, -3)]
[(-14136, 7061, -4023), (-115, 198, -3)]
[(-14136, 7061, -4023), (-115, 198, -3)]
[(-14140, 7071, -4084), (-99, 216, 2)]
[(-14140, 7071, -4084), (-99, 216, 2)]
[(-14140, 7071, -4084), (-99, 216, 2)]
[(-14140, 7071, -4084), (-99, 216, 2)]
[(-14147, 7069, -4108), (-120, 190, 14)]
[(-14147, 7069, -4108), (-120, 190, 14)]
[(-14147, 7069, -4108), (-120, 190, 14)]
[(-14145, 7042, -4100), (-140, 179, 6)]
[(-14145, 7042, -4100), (-140, 179, 6)]
[(-14145, 7042, -4100), (-140, 179, 6)]
[(-14145, 7042, -4100), (-140, 179, 6)]
[(-14145, 7042, -4100), (-140, 179, 6)]
[(-14145, 7042, -4100), (-140, 179, 6)]
[(-14166, 7016, -4080), (-161, 204, 2)]
[(-14166, 7016, -4080), (-161, 204, 2)]
[(-14166, 7016, -4080), (-161, 204, 2)]
[(-14166, 7016, -4080), (-161, 204, 2)]
[(-14166, 7016, -4080), (-161, 204, 2)]
[(-14166, 7016, -4080), (-161, 204, 2)]
[(-14166, 7016, -4080), (-161, 204, 2)]
[(-14172, 7030, -4056), (-137, 212, 17)]
[(-14172, 7030, -4056), (-137, 212, 17)]
[(-14172, 7030, -4056), (-137, 212, 17)]
[(-14172, 7030, -4056), (-137, 212, 17)]
[(-14172, 7030, -4056), (-137, 212, 17)]
[(-14168, 7015, -4029), (-156, 220, 29)]
[(-14168, 7015, -4029), (-156, 220, 29)]
[(-14168, 7015, -4029), (-156, 220, 29)]
[(-14168, 7015, -4029), (-156, 220, 29)]
[(-14168, 7015, -4029), (-156, 220, 29)]
[(-14168, 7015, -4029), (-156, 220, 29)]
[(-14144, 7024, -4007), (-154, 230, 14)]
[(-14144, 7024, -4007), (-154, 230, 14)]
[(-14144, 7024, -4007), (-154, 230, 14)]
[(-14144, 7024, -4007), (-154, 230, 14)]
[(-14144, 7024, -4007), (-154, 230, 14)]
[(-14144, 7024, -4007), (-154, 230, 14)]
[(-14144, 7024, -4007), (-154, 230, 14)]
[(-14143, 7039, -3986), (-128, 237, 15)]
[(-14143, 7039, -3986), (-128, 237, 15)]
[(-14143, 7039, -3986), (-128, 237, 15)]
[(-14143, 7039, -3986), (-128, 237, 15)]
[(-14143, 7039, -3986), (-128, 237, 15)]
[(-14132, 7032, -4006), (-175, 260, 20)]
[(-14132, 7032, -4006), (-175, 260, 20)]
[(-14132, 7032, -4006), (-175, 260, 20)]
[(-14132, 7032, -4006), (-175, 260, 20)]
[(-14132, 7032, -4006), (-175, 260, 20)]
[(-14132, 7032, -4006), (-175, 260, 20)]
[(-14132, 7032, -4006), (-175, 260, 20)]
[(-14134, 7054, -4028), (-200, 242, 23)]
[(-14134, 7054, -4028), (-200, 242, 23)]
[(-14134, 7054, -4028), (-200, 242, 23)]
[(-14134, 7054, -4028), (-200, 242, 23)]
[(-14134, 7054, -4028), (-200, 242, 23)]
[(-14134, 7054, -4028), (-200, 242, 23)]
[(-14126, 7072, -4020), (-168, 207, 6)]
[(-14126, 7072, -4020), (-168, 207, 6)]
[(-14126, 7072, -4020), (-168, 207, 6)]
[(-14126, 7072, -4020), (-168, 207, 6)]
[(-14126, 7072, -4020), (-168, 207, 6)]
[(-14104, 7094, -4019), (-136, 158, -7)]
[(-14104, 7094, -4019), (-136, 158, -7)]
[(-14104, 7094, -4019), (-136, 158, -7)]
[(-14104, 7094, -4019), (-136, 158, -7)]
[(-14104, 7094, -4019), (-136, 158, -7)]
[(-14122, 7089, -4004), (-115, 147, -10)]
[(-14122, 7089, -4004), (-115, 147, -10)]
[(-14122, 7089, -4004), (-115, 147, -10)]
[(-14122, 7089, -4004), (-115, 147, -10)]
[(-14122, 7089, -4004), (-115, 147, -10)]
[(-14122, 7089, -4004), (-115, 147, -10)]
[(-14122, 7089, -4004), (-115, 147, -10)]
[(-14122, 7089, -4004), (-115, 147, -10)]
[(-14132, 7073, -4007), (-122, 152, 7)]
[(-14132, 7073, -4007), (-122, 152, 7)]
[(-14132, 7073, -4007), (-122, 152, 7)]
[(-14132, 7073, -4007), (-122, 152, 7)]
[(-14132, 7073, -4007), (-122, 152, 7)]
[(-14131, 7082, -3996), (-111, 148, 28)]
[(-14131, 7082, -3996), (-111, 148, 28)]