[(-13379, -1675, -10187), (-25, 379, -36)]
[(-13367, -1662, -10121), (-38, 357, -17)]
[(-13367, -1662, -10121), (-38, 357, -17)]
[(-13367, -1662, -10121), (-38, 357, -17)]
[(-13367, -1662, -10121), (-38, 357, -17)]
[(-13367, -1662, -10121), (-38, 357, -17)]
[(-13367, -1662, -10121), (-38, 357, -17)]
[(-13320, -1686, -10152), (-66, 359, -20)]
[(-13320, -1686, -10152), (-66, 359, -20)]
[(-13320, -1686, -10152), (-66, 359, -20)]
[(-13320, -1686, -10152), (-66, 359, -20)]
[(-13320, -1686, -10152), (-66, 359, -20)]
[(-13309, -1680, -10142), (-71, 372, -5)]
[(-13309, -1680, -10142), (-71, 372, -5)]
[(-13309, -1680, -10142), (-71, 372, -5)]
[(-13309, -1680, -10142), (-71, 372, -5)]
[(-13309, -1680, -10142), (-71, 372, -5)]
[(-13309, -1680, -10142), (-71, 372, -5)]
[(-13309, -1680, -10142), (-71, 372, -5)]
[(-13331, -1700, -10123), (-52, 385, -8)]
[(-13331, -1700, -10123), (-52, 385, -8)]
[(-13331, -1700, -10123), (-52, 385, -8)]
[(-13331, -1700, -10123), (-52, 385, -8)]
[(-13331, -1700, -10123), (-52, 385, -8)]
[(-13331, -1700, -10123), (-52, 385, -8)]
[(-13340, -1716, -10152), (-143, 440, 11)]
[(-13340, -1716, -10152), (-143, 440, 11)]
[(-13340, -1716, -10152), (-143, 440, 11)]
[(-13340, -1716, -10152), (-143, 440, 11)]
[(-13340, -1716, -10152), (-143, 440, 11)]
[(-13331, -1677, -10154), (-119, 375, 20)]
[(-13331, -1677, -10154), (-119, 375, 20)]
[(-13331, -1677, -10154), (-119, 375, 20)]
[(-13331, -1677, -10154), (-119, 375, 20)]
[(-13331, -1677, -10154), (-119, 375, 20)]
[(-13339, -1657, -10160), (-147, 371, 12)]
[(-13339, -1657, -10160), (-147, 371, 12)]
[(-13339, -1657, -10160), (-147, 371, 12)]
[(-13339, -1657, -10160), (-147, 371, 12)]
[(-13339, -1657, -10160), (-147, 371, 12)]
[(-13339, -1657, -10160), (-147, 371, 12)]
[(-13339, -1657, -10160), (-147, 371, 12)]
[(-13339, -1657, -10160), (-147, 371, 12)]
[(-13349, -1647, -10162), (-152, 379, -6)]
[(-13349, -1647, -10162), (-152, 379, -6)]
[(-13349, -1647, -10162), (-152, 379, -6)]
[(-13349, -1647, -10162), (-152, 379, -6)]
[(-13349, -1647, -10162), (-152, 379, -6)]
[(-13356, -1648, -10091), (-38, 442, 0)]
[(-13356, -1648, -10091), (-38, 442, 0)]
[(-13356, -1648, -10091), (-38, 442, 0)]
[(-13356, -1648, -10091), (-38, 442, 0)]
[(-13356, -1648, -10091), (-38, 442, 0)]
[(-13352, -1668, -10132), (-60, 422, -10)]
[(-13352, -1668, -10132), (-60, 422, -10)]
[(-13352, -1668, -10132), (-60, 422, -10)]
[(-13352, -1668, -10132), (-60, 422, -10)]
[(-13352, -1668, -10132), (-60, 422, -10)]
[(-13352, -1668, -10132), (-60, 422, -10)]
[(-13352, -1668, -10132), (-60, 422, -10)]
[(-13352, -1668, -10132), (-60, 422, -10)]
[(-13374, -1668, -10135), (-131, 406, -14)]
[(-13374, -1668, -10135), (-131, 406, -14)]
[(-13374, -1668, -10135), (-131, 406, -14)]
[(-13374, -1668, -10135), (-131, 406, -14)]
[(-13374, -1668, -10135), (-131, 406, -14)]
[(-13385, -1672, -10137), (-129, 396, -2)]
[(-13385, -1672, -10137), (-129, 396, -2)]
[(-13385, -1672, -10137), (-129, 396, -2)]
[(-13385, -1672, -10137), (-129, 396, -2)]
[(-13385, -1672, -10137), (-129, 396, -2)]
[(-13411, -1696, -10141), (-81, 414, 0)]
[(-13411, -1696, -10141), (-81, 414, 0)]
[(-13411, -1696, -10141), (-81, 414, 0)]
[(-13411, -1696, -10141), (-81, 414, 0)]
[(-13411, -1696, -10141), (-81, 414, 0)]
[(-13411, -1696, -10141), (-81, 414, 0)]
[(-13411, -1696, -10141), (-81, 414, 0)]
[(-13411, -1696, -10141), (-81, 414, 0)]
[(-13384, -1676, -10152), (-31, 455, 28)]
[(-13384, -1676, -10152), (-31, 455, 28)]
[(-13384, -1676, -10152), (-31, 455, 28)]
[(-13384, -1676, -10152), (-31, 455, 28)]
[(-13384, -1676, -10152), (-31, 455, 28)]
[(-13384, -1676, -10152), (-31, 455, 28)]
[(-13384, -1676, -10152), (-31, 455, 28)]
[(-13376, -1638, -10180), (-25, 440, 51)]
[(-13376, -1638, -10180), (-25, 440, 51)]
[(-13376, -1638, -10180), (-25, 440, 51)]
[(-13376, -1638, -10180), (-25, 440, 51)]
[(-13376, -1638, -10180), (-25, 440, 51)]
[(-13367, -1658, -10216), (-78, 436, 36)]
[(-13367, -1658, -10216), (-78, 436, 36)]
[(-13367, -1658, -10216), (-78, 436, 36)]
[(-13367, -1658, -10216), (-78, 436, 36)]
[(-13367, -1658, -10216), (-78, 436, 36)]
[(-13367, -1658, -10216), (-78, 436, 36)]
[(-13392, -1640, -10208), (-24, 458, 30)]
[(-13392, -1640, -10208), (-24, 458, 30)]
[(-13392, -1640, -10208), (-24, 458, 30)]
[(-13392, -1640, -10208), (-24, 458, 30)]
[(-13392, -1640, -10208), (-24, 458, 30)]
[(-13403, -1640, -10224), (-28, 458, -4)]
[(-13403, -1640, -10224), (-28, 458, -4)]
[(-13403, -1640, -10224), (-28, 458, -4)]
[(-13403, -1640, -10224), (-28, 458, -4)]
[(-13403, -1640, -10224), (-28, 458, -4)]
[(-13368, -1632, -10204), (-9, 468, 3)]
[(-13368, -1632, -10204), (-9, 468, 3)]
[(-13368, -1632, -10204), (-9, 468, 3)]
[(-13368, -1632, -10204), (-9, 468, 3)]
[(-13368, -1632, -10204), (-9, 468, 3)]
[(-13368, -1632, -10204), (-9, 468, 3)]
[(-13368, -1632, -10204), (-9, 468, 3)]
[(-13368, -1632, -10204), (-9, 468, 3)]
[(-13368, -1632, -10204), (-9, 468, 3)]
[(-13348, -1673, -10191), (17, 444, -1)]
[(-13348, -1673, -10191), (17, 444, -1)]
[(-13348, -1673, -10191), (17, 444, -1)]
[(-13348, -1673, -10191), (17, 444, -1)]
[(-13368, -1651, -10157), (-5, 418, -5)]
[(-13368, -1651, -10157), (-5, 418, -5)]
[(-13368, -1651, -10157), (-5, 418, -5)]
[(-13368, -1651, -10157), (-5, 418, -5)]
[(-13368, -1651, -10157), (-5, 418, -5)]
[(-13356, -1686, -10132), (-82, 385, -38)]
[(-13356, -1686, -10132), (-82, 385, -38)]
[(-13356, -1686, -10132), (-82, 385, -38)]
[(-13356, -1686, -10132), (-82, 385, -38)]
[(-13356, -1686, -10132), (-82, 385, -38)]
[(-13356, -1686, -10132), (-82, 385, -38)]
[(-13356, -1686, -10132), (-82, 385, -38)]
[(-13356, -1686, -10132), (-82, 385, -38)]
[(-13333, -1686, -10109), (-42, 410, -4)]
[(-13333, -1686, -10109), (-42, 410, -4)]
[(-13333, -1686, -10109), (-42, 410, -4)]
[(-13333, -1686, -10109), (-42, 410, -4)]
[(-13333, -1686, -10109), (-42, 410, -4)]