[(-13144, -1888, -10396), (-75, 424, 2)]
[(-13136, -1877, -10397), (-77, 418, -4)]
[(-13136, -1877, -10397), (-77, 418, -4)]
[(-13136, -1877, -10397), (-77, 418, -4)]
[(-13136, -1877, -10397), (-77, 418, -4)]
[(-13136, -1877, -10397), (-77, 418, -4)]
[(-13136, -1877, -10397), (-77, 418, -4)]
[(-13128, -1858, -10417), (-94, 400, -8)]
[(-13128, -1858, -10417), (-94, 400, -8)]
[(-13128, -1858, -10417), (-94, 400, -8)]
[(-13128, -1858, -10417), (-94, 400, -8)]
[(-13128, -1858, -10417), (-94, 400, -8)]
[(-13113, -1840, -10410), (-117, 361, 9)]
[(-13113, -1840, -10410), (-117, 361, 9)]
[(-13113, -1840, -10410), (-117, 361, 9)]
[(-13113, -1840, -10410), (-117, 361, 9)]
[(-13113, -1840, -10410), (-117, 361, 9)]
[(-13113, -1840, -10410), (-117, 361, 9)]
[(-13099, -1839, -10404), (-73, 382, 17)]
[(-13099, -1839, -10404), (-73, 382, 17)]
[(-13099, -1839, -10404), (-73, 382, 17)]
[(-13099, -1839, -10404), (-73, 382, 17)]
[(-13099, -1839, -10404), (-73, 382, 17)]
[(-13099, -1839, -10404), (-73, 382, 17)]
[(-13099, -1839, -10404), (-73, 382, 17)]
[(-13114, -1860, -10421), (93, 329, 15)]
[(-13114, -1860, -10421), (93, 329, 15)]
[(-13114, -1860, -10421), (93, 329, 15)]
[(-13114, -1860, -10421), (93, 329, 15)]
[(-13114, -1860, -10421), (93, 329, 15)]
[(-13132, -1868, -10424), (31, 326, 34)]
[(-13132, -1868, -10424), (31, 326, 34)]
[(-13132, -1868, -10424), (31, 326, 34)]
[(-13132, -1868, -10424), (31, 326, 34)]
[(-13132, -1868, -10424), (31, 326, 34)]
[(-13130, -1899, -10423), (84, 369, 85)]
[(-13130, -1899, -10423), (84, 369, 85)]
[(-13130, -1899, -10423), (84, 369, 85)]
[(-13130, -1899, -10423), (84, 369, 85)]
[(-13130, -1899, -10423), (84, 369, 85)]
[(-13130, -1899, -10423), (84, 369, 85)]
[(-13130, -1899, -10423), (84, 369, 85)]
[(-13130, -1899, -10423), (84, 369, 85)]
[(-13171, -1980, -10425), (14, 417, 42)]
[(-13171, -1980, -10425), (14, 417, 42)]
[(-13171, -1980, -10425), (14, 417, 42)]
[(-13171, -1980, -10425), (14, 417, 42)]
[(-13171, -1980, -10425), (14, 417, 42)]
[(-13141, -1938, -10429), (-123, 388, 52)]
[(-13141, -1938, -10429), (-123, 388, 52)]
[(-13141, -1938, -10429), (-123, 388, 52)]
[(-13141, -1938, -10429), (-123, 388, 52)]
[(-13141, -1938, -10429), (-123, 388, 52)]
[(-13175, -1909, -10406), (-263, 452, 178)]
[(-13175, -1909, -10406), (-263, 452, 178)]
[(-13175, -1909, -10406), (-263, 452, 178)]
[(-13175, -1909, -10406), (-263, 452, 178)]
[(-13175, -1909, -10406), (-263, 452, 178)]
[(-13175, -1909, -10406), (-263, 452, 178)]
[(-13175, -1909, -10406), (-263, 452, 178)]
[(-13175, -1909, -10406), (-263, 452, 178)]
[(-13185, -1817, -10421), (265, 587, 390)]
[(-13185, -1817, -10421), (265, 587, 390)]
[(-13185, -1817, -10421), (265, 587, 390)]
[(-13185, -1817, -10421), (265, 587, 390)]
[(-13185, -1817, -10421), (265, 587, 390)]
[(-13165, -1693, -10476), (-18, 376, 253)]
[(-13165, -1693, -10476), (-18, 376, 253)]
[(-13165, -1693, -10476), (-18, 376, 253)]
[(-13165, -1693, -10476), (-18, 376, 253)]
[(-13165, -1693, -10476), (-18, 376, 253)]
[(-13183, -1648, -10474), (-230, 384, 112)]
[(-13183, -1648, -10474), (-230, 384, 112)]
[(-13183, -1648, -10474), (-230, 384, 112)]
[(-13183, -1648, -10474), (-230, 384, 112)]
[(-13183, -1648, -10474), (-230, 384, 112)]
[(-13183, -1648, -10474), (-230, 384, 112)]
[(-13183, -1637, -10472), (-107, 362, -1)]
[(-13183, -1637, -10472), (-107, 362, -1)]
[(-13183, -1637, -10472), (-107, 362, -1)]
[(-13183, -1637, -10472), (-107, 362, -1)]
[(-13183, -1637, -10472), (-107, 362, -1)]
[(-13183, -1637, -10472), (-107, 362, -1)]
[(-13183, -1637, -10472), (-107, 362, -1)]
[(-13203, -1630, -10444), (-43, 351, -108)]
[(-13203, -1630, -10444), (-43, 351, -108)]
[(-13203, -1630, -10444), (-43, 351, -108)]
[(-13203, -1630, -10444), (-43, 351, -108)]
[(-13203, -1630, -10444), (-43, 351, -108)]
[(-13211, -1685, -10420), (19, 330, -148)]
[(-13211, -1685, -10420), (19, 330, -148)]
[(-13211, -1685, -10420), (19, 330, -148)]
[(-13211, -1685, -10420), (19, 330, -148)]
[(-13211, -1685, -10420), (19, 330, -148)]
[(-13211, -1685, -10420), (19, 330, -148)]
[(-13204, -1739, -10424), (50, 357, -129)]
[(-13204, -1739, -10424), (50, 357, -129)]
[(-13204, -1739, -10424), (50, 357, -129)]
[(-13204, -1739, -10424), (50, 357, -129)]
[(-13204, -1739, -10424), (50, 357, -129)]
[(-13204, -1739, -10424), (50, 357, -129)]
[(-13204, -1739, -10424), (50, 357, -129)]
[(-13194, -1775, -10420), (68, 380, -109)]
[(-13194, -1775, -10420), (68, 380, -109)]
[(-13194, -1775, -10420), (68, 380, -109)]
[(-13194, -1775, -10420), (68, 380, -109)]
[(-13194, -1775, -10420), (68, 380, -109)]
[(-13194, -1775, -10420), (68, 380, -109)]
[(-13172, -1785, -10455), (96, 416, -67)]
[(-13172, -1785, -10455), (96, 416, -67)]
[(-13172, -1785, -10455), (96, 416, -67)]
[(-13172, -1785, -10455), (96, 416, -67)]
[(-13172, -1785, -10455), (96, 416, -67)]
[(-13132, -1800, -10441), (16, 423, -46)]
[(-13132, -1800, -10441), (16, 423, -46)]
[(-13132, -1800, -10441), (16, 423, -46)]
[(-13132, -1800, -10441), (16, 423, -46)]
[(-13132, -1800, -10441), (16, 423, -46)]
[(-13132, -1800, -10441), (16, 423, -46)]
[(-13132, -1800, -10441), (16, 423, -46)]
[(-13132, -1796, -10444), (31, 421, -32)]
[(-13132, -1796, -10444), (31, 421, -32)]
[(-13132, -1796, -10444), (31, 421, -32)]
[(-13132, -1796, -10444), (31, 421, -32)]
[(-13132, -1796, -10444), (31, 421, -32)]
[(-13151, -1824, -10429), (73, 402, -11)]
[(-13151, -1824, -10429), (73, 402, -11)]
[(-13151, -1824, -10429), (73, 402, -11)]
[(-13151, -1824, -10429), (73, 402, -11)]
[(-13151, -1824, -10429), (73, 402, -11)]
[(-13151, -1824, -10429), (73, 402, -11)]
[(-13164, -1816, -10429), (0, 362, -35)]
[(-13164, -1816, -10429), (0, 362, -35)]
[(-13164, -1816, -10429), (0, 362, -35)]
[(-13164, -1816, -10429), (0, 362, -35)]
[(-13164, -1816, -10429), (0, 362, -35)]
[(-13164, -1816, -10429), (0, 362, -35)]
[(-13164, -1816, -10429), (0, 362, -35)]
[(-13162, -1796, -10370), (-78, 297, -9)]
[(-13162, -1796, -10370), (-78, 297, -9)]
[(-13162, -1796, -10370), (-78, 297, -9)]
[(-13162, -1796, -10370), (-78, 297, -9)]
[(-13162, -1796, -10370), (-78, 297, -9)]
[(-13151, -1834, -10369), (-55, 294, -29)]
[(-13151, -1834, -10369), (-55, 294, -29)]
[(-13151, -1834, -10369), (-55, 294, -29)]
[(-13151, -1834, -10369), (-55, 294, -29)]
[(-13151, -1834, -10369), (-55, 294, -29)]
[(-13151, -1834, -10369), (-55, 294, -29)]
[(-13184, -1847, -10375), (-88, 289, -9)]
[(-13184, -1847, -10375), (-88, 289, -9)]
[(-13184, -1847, -10375), (-88, 289, -9)]
[(-13184, -1847, -10375), (-88, 289, -9)]
[(-13184, -1847, -10375), (-88, 289, -9)]
[(-13184, -1847, -10375), (-88, 289, -9)]
[(-13184, -1847, -10375), (-88, 289, -9)]
[(-13211, -1834, -10355), (-172, 286, -8)]
[(-13211, -1834, -10355), (-172, 286, -8)]
[(-13211, -1834, -10355), (-172, 286, -8)]
[(-13211, -1834, -10355), (-172, 286, -8)]
[(-13211, -1834, -10355), (-172, 286, -8)]
[(-13211, -1834, -10355), (-172, 286, -8)]
[(-13230, -1840, -10341), (-192, 278, -13)]
[(-13230, -1840, -10341), (-192, 278, -13)]
[(-13230, -1840, -10341), (-192, 278, -13)]
[(-13230, -1840, -10341), (-192, 278, -13)]
[(-13230, -1840, -10341), (-192, 278, -13)]
[(-13222, -1842, -10364), (-238, 332, -11)]
[(-13222, -1842, -10364), (-238, 332, -11)]
[(-13222, -1842, -10364), (-238, 332, -11)]
[(-13222, -1842, -10364), (-238, 332, -11)]
[(-13222, -1842, -10364), (-238, 332, -11)]
[(-13222, -1842, -10364), (-238, 332, -11)]
[(-13222, -1842, -10364), (-238, 332, -11)]
[(-13203, -1824, -10400), (-278, 389, -1)]
[(-13203, -1824, -10400), (-278, 389, -1)]
[(-13203, -1824, -10400), (-278, 389, -1)]
[(-13203, -1824, -10400), (-278, 389, -1)]
[(-13203, -1824, -10400), (-278, 389, -1)]
[(-13192, -1796, -10390), (-320, 394, 0)]
[(-13192, -1796, -10390), (-320, 394, 0)]
[(-13192, -1796, -10390), (-320, 394, 0)]
[(-13192, -1796, -10390), (-320, 394, 0)]
[(-13192, -1796, -10390), (-320, 394, 0)]
[(-13192, -1796, -10390), (-320, 394, 0)]
[(-13181, -1775, -10396), (-216, 375, 15)]
[(-13181, -1775, -10396), (-216, 375, 15)]