[(-4285, 15314, -5301), (0, 5, -120)]
[(-4285, 15314, -5301), (0, 5, -120)]
[(-4200, 15329, -5317), (1, 3, -120)]
[(-4200, 15329, -5317), (1, 3, -120)]
[(-4200, 15329, -5317), (1, 3, -120)]
[(-4200, 15329, -5317), (1, 3, -120)]
[(-4200, 15329, -5317), (1, 3, -120)]
[(-4150, 15327, -5322), (1, 2, -121)]
[(-4150, 15327, -5322), (1, 2, -121)]
[(-4150, 15327, -5322), (1, 2, -121)]
[(-4150, 15327, -5322), (1, 2, -121)]
[(-4150, 15327, -5322), (1, 2, -121)]
[(-4150, 15327, -5322), (1, 2, -121)]
[(-4150, 15327, -5322), (1, 2, -121)]
[(-4150, 15327, -5322), (1, 2, -121)]
[(-4111, 15333, -5340), (2, 8, -122)]
[(-4111, 15333, -5340), (2, 8, -122)]
[(-4111, 15333, -5340), (2, 8, -122)]
[(-4111, 15333, -5340), (2, 8, -122)]
[(-4111, 15333, -5340), (2, 8, -122)]
[(-4080, 15351, -5371), (3, 13, -123)]
[(-4080, 15351, -5371), (3, 13, -123)]
[(-4080, 15351, -5371), (3, 13, -123)]
[(-4080, 15351, -5371), (3, 13, -123)]
[(-4080, 15351, -5371), (3, 13, -123)]
[(-4080, 15351, -5371), (3, 13, -123)]
[(-4062, 15232, -5453), (5, 2, -120)]
[(-4062, 15232, -5453), (5, 2, -120)]
[(-4062, 15232, -5453), (5, 2, -120)]
[(-4062, 15232, -5453), (5, 2, -120)]
[(-4062, 15232, -5453), (5, 2, -120)]
[(-4080, 15241, -5479), (3, 1, -110)]
[(-4080, 15241, -5479), (3, 1, -110)]
[(-4080, 15241, -5479), (3, 1, -110)]
[(-4080, 15241, -5479), (3, 1, -110)]
[(-4080, 15241, -5479), (3, 1, -110)]
[(-4080, 15241, -5479), (3, 1, -110)]
[(-4080, 15241, -5479), (3, 1, -110)]
[(-4065, 15236, -5595), (5, 0, -98)]
[(-4065, 15236, -5595), (5, 0, -98)]
[(-4065, 15236, -5595), (5, 0, -98)]
[(-4065, 15236, -5595), (5, 0, -98)]
[(-4065, 15236, -5595), (5, 0, -98)]
[(-4065, 15236, -5595), (5, 0, -98)]
[(-4122, 15224, -5711), (13, 0, -94)]
[(-4122, 15224, -5711), (13, 0, -94)]
[(-4122, 15224, -5711), (13, 0, -94)]
[(-4122, 15224, -5711), (13, 0, -94)]
[(-4122, 15224, -5711), (13, 0, -94)]
[(-4090, 15220, -5814), (7, 0, -98)]
[(-4090, 15220, -5814), (7, 0, -98)]
[(-4090, 15220, -5814), (7, 0, -98)]
[(-4090, 15220, -5814), (7, 0, -98)]
[(-4090, 15220, -5814), (7, 0, -98)]
[(-4090, 15220, -5814), (7, 0, -98)]
[(-4090, 15220, -5814), (7, 0, -98)]
[(-4034, 15217, -5882), (5, 0, -102)]
[(-4034, 15217, -5882), (5, 0, -102)]
[(-4034, 15217, -5882), (5, 0, -102)]
[(-4034, 15217, -5882), (5, 0, -102)]
[(-4034, 15217, -5882), (5, 0, -102)]
[(-4034, 15217, -5882), (5, 0, -102)]
[(-4024, 15257, -5877), (4, 0, -106)]
[(-4024, 15257, -5877), (4, 0, -106)]
[(-4024, 15257, -5877), (4, 0, -106)]
[(-4024, 15257, -5877), (4, 0, -106)]
[(-4024, 15257, -5877), (4, 0, -106)]
[(-4091, 15276, -5824), (3, 0, -108)]
[(-4091, 15276, -5824), (3, 0, -108)]
[(-4091, 15276, -5824), (3, 0, -108)]
[(-4091, 15276, -5824), (3, 0, -108)]
[(-4091, 15276, -5824), (3, 0, -108)]
[(-4091, 15276, -5824), (3, 0, -108)]
[(-4091, 15276, -5824), (3, 0, -108)]
[(-4156, 15272, -5760), (2, 0, -111)]
[(-4156, 15272, -5760), (2, 0, -111)]
[(-4156, 15272, -5760), (2, 0, -111)]
[(-4156, 15272, -5760), (2, 0, -111)]
[(-4156, 15272, -5760), (2, 0, -111)]
[(-4156, 15272, -5760), (2, 0, -111)]
[(-4160, 15267, -5722), (1, 0, -113)]
[(-4160, 15267, -5722), (1, 0, -113)]
[(-4160, 15267, -5722), (1, 0, -113)]
[(-4160, 15267, -5722), (1, 0, -113)]
[(-4160, 15267, -5722), (1, 0, -113)]
[(-4148, 15241, -5685), (1, 0, -114)]
[(-4148, 15241, -5685), (1, 0, -114)]
[(-4148, 15241, -5685), (1, 0, -114)]
[(-4148, 15241, -5685), (1, 0, -114)]
[(-4148, 15241, -5685), (1, 0, -114)]
[(-4148, 15241, -5685), (1, 0, -114)]
[(-4148, 15241, -5685), (1, 0, -114)]
[(-4171, 15232, -5660), (1, 0, -115)]
[(-4171, 15232, -5660), (1, 0, -115)]
[(-4171, 15232, -5660), (1, 0, -115)]
[(-4171, 15232, -5660), (1, 0, -115)]
[(-4171, 15232, -5660), (1, 0, -115)]
[(-4171, 15232, -5660), (1, 0, -115)]
[(-4188, 15224, -5677), (1, 1, -116)]
[(-4188, 15224, -5677), (1, 1, -116)]
[(-4188, 15224, -5677), (1, 1, -116)]
[(-4188, 15224, -5677), (1, 1, -116)]
[(-4188, 15224, -5677), (1, 1, -116)]
[(-4252, 15192, -5640), (0, 0, -116)]
[(-4252, 15192, -5640), (0, 0, -116)]
[(-4252, 15192, -5640), (0, 0, -116)]
[(-4252, 15192, -5640), (0, 0, -116)]
[(-4252, 15192, -5640), (0, 0, -116)]
[(-4252, 15192, -5640), (0, 0, -116)]
[(-4252, 15192, -5640), (0, 0, -116)]
[(-4224, 15205, -5593), (0, 0, -117)]
[(-4224, 15205, -5593), (0, 0, -117)]
[(-4224, 15205, -5593), (0, 0, -117)]
[(-4224, 15205, -5593), (0, 0, -117)]
[(-4224, 15205, -5593), (0, 0, -117)]
[(-4224, 15205, -5593), (0, 0, -117)]
[(-4478, 15078, -5573), (79, -266, -120)]
[(-4478, 15078, -5573), (79, -266, -120)]
[(-4478, 15078, -5573), (79, -266, -120)]
[(-4478, 15078, -5573), (79, -266, -120)]