[(-7512, 13455, -6012), (113, 232, 64)]
[(-7412, 13518, -6294), (30, 231, 82)]
[(-7412, 13518, -6294), (30, 231, 82)]
[(-7412, 13518, -6294), (30, 231, 82)]
[(-7412, 13518, -6294), (30, 231, 82)]
[(-7412, 13518, -6294), (30, 231, 82)]
[(-7129, 13620, -6392), (27, 328, 90)]
[(-7129, 13620, -6392), (27, 328, 90)]
[(-7129, 13620, -6392), (27, 328, 90)]
[(-7129, 13620, -6392), (27, 328, 90)]
[(-7129, 13620, -6392), (27, 328, 90)]
[(-7129, 13620, -6392), (27, 328, 90)]
[(-6796, 13647, -6557), (20, 277, 75)]
[(-6796, 13647, -6557), (20, 277, 75)]
[(-6796, 13647, -6557), (20, 277, 75)]
[(-6796, 13647, -6557), (20, 277, 75)]
[(-6796, 13647, -6557), (20, 277, 75)]
[(-6796, 13647, -6557), (20, 277, 75)]
[(-6796, 13647, -6557), (20, 277, 75)]
[(-6496, 13788, -6679), (-36, 236, 76)]
[(-6496, 13788, -6679), (-36, 236, 76)]
[(-6496, 13788, -6679), (-36, 236, 76)]
[(-6496, 13788, -6679), (-36, 236, 76)]
[(-6496, 13788, -6679), (-36, 236, 76)]
[(-6496, 13788, -6679), (-36, 236, 76)]
[(-6214, 13932, -6764), (-23, 145, 48)]
[(-6214, 13932, -6764), (-23, 145, 48)]
[(-6214, 13932, -6764), (-23, 145, 48)]
[(-6214, 13932, -6764), (-23, 145, 48)]
[(-6214, 13932, -6764), (-23, 145, 48)]
[(-6058, 13954, -6791), (-30, 57, 13)]
[(-6058, 13954, -6791), (-30, 57, 13)]
[(-6058, 13954, -6791), (-30, 57, 13)]
[(-6058, 13954, -6791), (-30, 57, 13)]
[(-6058, 13954, -6791), (-30, 57, 13)]
[(-6058, 13954, -6791), (-30, 57, 13)]
[(-6058, 13954, -6791), (-30, 57, 13)]
[(-5951, 13942, -6888), (7, 46, 0)]
[(-5951, 13942, -6888), (7, 46, 0)]
[(-5951, 13942, -6888), (7, 46, 0)]
[(-5951, 13942, -6888), (7, 46, 0)]
[(-5951, 13942, -6888), (7, 46, 0)]
[(-5951, 13942, -6888), (7, 46, 0)]
[(-5956, 13908, -7036), (101, 21, -21)]
[(-5956, 13908, -7036), (101, 21, -21)]
[(-5956, 13908, -7036), (101, 21, -21)]
[(-5956, 13908, -7036), (101, 21, -21)]
[(-5956, 13908, -7036), (101, 21, -21)]
[(-5880, 13858, -7126), (47, 52, 0)]
[(-5880, 13858, -7126), (47, 52, 0)]
[(-5880, 13858, -7126), (47, 52, 0)]
[(-5880, 13858, -7126), (47, 52, 0)]
[(-5880, 13858, -7126), (47, 52, 0)]
[(-5880, 13858, -7126), (47, 52, 0)]
[(-5880, 13858, -7126), (47, 52, 0)]
[(-5861, 13917, -7288), (13, 53, 14)]
[(-5861, 13917, -7288), (13, 53, 14)]
[(-5861, 13917, -7288), (13, 53, 14)]
[(-5861, 13917, -7288), (13, 53, 14)]
[(-5861, 13917, -7288), (13, 53, 14)]
[(-5861, 13917, -7288), (13, 53, 14)]
[(-5787, 13948, -7372), (0, 23, 7)]
[(-5787, 13948, -7372), (0, 23, 7)]
[(-5787, 13948, -7372), (0, 23, 7)]
[(-5787, 13948, -7372), (0, 23, 7)]
[(-5787, 13948, -7372), (0, 23, 7)]
[(-5753, 13942, -7439), (-22, 10, -53)]
[(-5753, 13942, -7439), (-22, 10, -53)]
[(-5753, 13942, -7439), (-22, 10, -53)]
[(-5753, 13942, -7439), (-22, 10, -53)]
[(-5753, 13942, -7439), (-22, 10, -53)]
[(-5753, 13942, -7439), (-22, 10, -53)]
[(-5753, 13942, -7439), (-22, 10, -53)]
[(-5974, 13925, -7436), (-28, -40, -105)]
[(-5974, 13925, -7436), (-28, -40, -105)]
[(-5974, 13925, -7436), (-28, -40, -105)]
[(-5974, 13925, -7436), (-28, -40, -105)]
[(-5974, 13925, -7436), (-28, -40, -105)]
[(-5974, 13925, -7436), (-28, -40, -105)]
[(-6256, 13920, -7255), (-45, -18, -113)]
[(-6256, 13920, -7255), (-45, -18, -113)]
[(-6256, 13920, -7255), (-45, -18, -113)]
[(-6256, 13920, -7255), (-45, -18, -113)]
[(-6256, 13920, -7255), (-45, -18, -113)]
[(-6515, 13856, -7221), (-28, 34, -109)]
[(-6515, 13856, -7221), (-28, 34, -109)]
[(-6515, 13856, -7221), (-28, 34, -109)]
[(-6515, 13856, -7221), (-28, 34, -109)]
[(-6515, 13856, -7221), (-28, 34, -109)]
[(-6703, 13721, -7170), (-28, 19, -125)]
[(-6703, 13721, -7170), (-28, 19, -125)]
[(-6703, 13721, -7170), (-28, 19, -125)]
[(-6703, 13721, -7170), (-28, 19, -125)]
[(-6703, 13721, -7170), (-28, 19, -125)]
[(-6703, 13721, -7170), (-28, 19, -125)]
[(-6703, 13721, -7170), (-28, 19, -125)]
[(-6703, 13721, -7170), (-28, 19, -125)]
[(-6895, 13660, -7057), (-60, 20, -122)]
[(-6895, 13660, -7057), (-60, 20, -122)]
[(-6895, 13660, -7057), (-60, 20, -122)]
[(-6895, 13660, -7057), (-60, 20, -122)]
[(-6895, 13660, -7057), (-60, 20, -122)]
[(-7036, 13625, -7122), (100, -289, -121)]
[(-7036, 13625, -7122), (100, -289, -121)]
[(-7036, 13625, -7122), (100, -289, -121)]
[(-7036, 13625, -7122), (100, -289, -121)]
[(-7036, 13625, -7122), (100, -289, -121)]
[(-7626, 13378, -6668), (48, -326, -126)]
[(-7626, 13378, -6668), (48, -326, -126)]
[(-7626, 13378, -6668), (48, -326, -126)]
[(-7626, 13378, -6668), (48, -326, -126)]
[(-7626, 13378, -6668), (48, -326, -126)]
[(-7626, 13378, -6668), (48, -326, -126)]
[(-7626, 13378, -6668), (48, -326, -126)]
[(-8058, 13259, -6187), (-26, -310, -94)]
[(-8058, 13259, -6187), (-26, -310, -94)]
[(-8058, 13259, -6187), (-26, -310, -94)]
[(-8058, 13259, -6187), (-26, -310, -94)]
[(-8058, 13259, -6187), (-26, -310, -94)]
[(-8058, 13259, -6187), (-26, -310, -94)]
[(-8284, 13154, -5856), (-39, -249, -37)]
[(-8284, 13154, -5856), (-39, -249, -37)]
[(-8284, 13154, -5856), (-39, -249, -37)]
[(-8284, 13154, -5856), (-39, -249, -37)]
[(-8284, 13154, -5856), (-39, -249, -37)]
[(-8246, 13204, -5768), (-14, -158, -31)]
[(-8246, 13204, -5768), (-14, -158, -31)]
[(-8246, 13204, -5768), (-14, -158, -31)]
[(-8246, 13204, -5768), (-14, -158, -31)]
[(-8246, 13204, -5768), (-14, -158, -31)]
[(-7897, 13144, -6832), (13, 159, 24)]
[(-7897, 13144, -6832), (13, 159, 24)]
[(-7897, 13144, -6832), (13, 159, 24)]
[(-7897, 13144, -6832), (13, 159, 24)]
[(-7843, 13165, -6930), (0, 106, -11)]
[(-7843, 13165, -6930), (0, 106, -11)]
[(-7843, 13165, -6930), (0, 106, -11)]
[(-7843, 13165, -6930), (0, 106, -11)]
[(-7843, 13165, -6930), (0, 106, -11)]
[(-7823, 13180, -7032), (-9, 87, -1)]
[(-7823, 13180, -7032), (-9, 87, -1)]
[(-7823, 13180, -7032), (-9, 87, -1)]
[(-7823, 13180, -7032), (-9, 87, -1)]
[(-7823, 13180, -7032), (-9, 87, -1)]
[(-7796, 13156, -7048), (23, 82, -34)]
[(-7796, 13156, -7048), (23, 82, -34)]
[(-7796, 13156, -7048), (23, 82, -34)]
[(-7796, 13156, -7048), (23, 82, -34)]
[(-7796, 13156, -7048), (23, 82, -34)]
[(-7796, 13156, -7048), (23, 82, -34)]
[(-7832, 13082, -7085), (5, 95, -20)]
[(-7832, 13082, -7085), (5, 95, -20)]
[(-7832, 13082, -7085), (5, 95, -20)]
[(-7832, 13082, -7085), (5, 95, -20)]
[(-7832, 13082, -7085), (5, 95, -20)]
[(-7832, 13082, -7085), (5, 95, -20)]
[(-7832, 13082, -7085), (5, 95, -20)]
[(-7822, 13053, -7175), (22, 80, -5)]
[(-7822, 13053, -7175), (22, 80, -5)]
[(-7822, 13053, -7175), (22, 80, -5)]
[(-7822, 13053, -7175), (22, 80, -5)]
[(-7822, 13053, -7175), (22, 80, -5)]
[(-7779, 13030, -7202), (39, 60, -9)]
[(-7779, 13030, -7202), (39, 60, -9)]
[(-7779, 13030, -7202), (39, 60, -9)]
[(-7779, 13030, -7202), (39, 60, -9)]
[(-7779, 13030, -7202), (39, 60, -9)]
[(-7779, 13030, -7202), (39, 60, -9)]
[(-7779, 13030, -7202), (39, 60, -9)]
[(-7779, 13030, -7202), (39, 60, -9)]
[(-7720, 13014, -7248), (11, 35, 17)]
[(-7720, 13014, -7248), (11, 35, 17)]
[(-7720, 13014, -7248), (11, 35, 17)]
[(-7720, 13014, -7248), (11, 35, 17)]
[(-7720, 13014, -7248), (11, 35, 17)]
[(-7728, 13033, -7313), (12, 73, 8)]
[(-7728, 13033, -7313), (12, 73, 8)]
[(-7728, 13033, -7313), (12, 73, 8)]
[(-7728, 13033, -7313), (12, 73, 8)]
[(-7728, 13033, -7313), (12, 73, 8)]
[(-7745, 13054, -7378), (-5, 90, 4)]
[(-7745, 13054, -7378), (-5, 90, 4)]
[(-7745, 13054, -7378), (-5, 90, 4)]
[(-7745, 13054, -7378), (-5, 90, 4)]
[(-7745, 13054, -7378), (-5, 90, 4)]
[(-7745, 13054, -7378), (-5, 90, 4)]
[(-7705, 13031, -7465), (1, 111, 0)]
[(-7705, 13031, -7465), (1, 111, 0)]
[(-7705, 13031, -7465), (1, 111, 0)]
[(-7705, 13031, -7465), (1, 111, 0)]
[(-7705, 13031, -7465), (1, 111, 0)]
[(-7705, 13031, -7465), (1, 111, 0)]
[(-7705, 13031, -7465), (1, 111, 0)]
[(-7700, 13011, -7552), (2, 118, 0)]
[(-7700, 13011, -7552), (2, 118, 0)]
[(-7700, 13011, -7552), (2, 118, 0)]
[(-7700, 13011, -7552), (2, 118, 0)]
[(-7700, 13011, -7552), (2, 118, 0)]
[(-7688, 12952, -7584), (13, 105, -11)]
[(-7688, 12952, -7584), (13, 105, -11)]
[(-7688, 12952, -7584), (13, 105, -11)]
[(-7688, 12952, -7584), (13, 105, -11)]
[(-7688, 12952, -7584), (13, 105, -11)]
[(-7688, 12952, -7584), (13, 105, -11)]
[(-7643, 12913, -7602), (12, 82, -14)]
[(-7643, 12913, -7602), (12, 82, -14)]
[(-7643, 12913, -7602), (12, 82, -14)]
[(-7643, 12913, -7602), (12, 82, -14)]
[(-7643, 12913, -7602), (12, 82, -14)]
[(-7643, 12913, -7602), (12, 82, -14)]
[(-7643, 12913, -7602), (12, 82, -14)]
[(-7631, 12900, -7609), (2, 61, -16)]
[(-7631, 12900, -7609), (2, 61, -16)]
[(-7631, 12900, -7609), (2, 61, -16)]
[(-7631, 12900, -7609), (2, 61, -16)]
[(-7631, 12900, -7609), (2, 61, -16)]
[(-7629, 12912, -7657), (1, 68, -24)]
[(-7629, 12912, -7657), (1, 68, -24)]
[(-7629, 12912, -7657), (1, 68, -24)]
[(-7629, 12912, -7657), (1, 68, -24)]
[(-7629, 12912, -7657), (1, 68, -24)]
[(-7629, 12912, -7657), (1, 68, -24)]
[(-7658, 12879, -7670), (-24, 52, -15)]
[(-7658, 12879, -7670), (-24, 52, -15)]
[(-7658, 12879, -7670), (-24, 52, -15)]
[(-7658, 12879, -7670), (-24, 52, -15)]
[(-7658, 12879, -7670), (-24, 52, -15)]
[(-7658, 12879, -7670), (-24, 52, -15)]
[(-7658, 12879, -7670), (-24, 52, -15)]
[(-7620, 12853, -7554), (-80, -1, -117)]
[(-7620, 12853, -7554), (-80, -1, -117)]