[(-14758, 972, -7744), (-87, 370, -24)]
[(-14760, 972, -7756), (-91, 372, -21)]
[(-14760, 972, -7756), (-91, 372, -21)]
[(-14760, 972, -7756), (-91, 372, -21)]
[(-14760, 972, -7756), (-91, 372, -21)]
[(-14762, 978, -7708), (-113, 372, -36)]
[(-14762, 978, -7708), (-113, 372, -36)]
[(-14762, 978, -7708), (-113, 372, -36)]
[(-14762, 978, -7708), (-113, 372, -36)]
[(-14762, 978, -7708), (-113, 372, -36)]
[(-14762, 978, -7708), (-113, 372, -36)]
[(-14772, 973, -7698), (-87, 343, -38)]
[(-14772, 973, -7698), (-87, 343, -38)]
[(-14772, 973, -7698), (-87, 343, -38)]
[(-14772, 973, -7698), (-87, 343, -38)]
[(-14772, 973, -7698), (-87, 343, -38)]
[(-14767, 968, -7723), (-114, 342, -33)]
[(-14767, 968, -7723), (-114, 342, -33)]
[(-14767, 968, -7723), (-114, 342, -33)]
[(-14767, 968, -7723), (-114, 342, -33)]
[(-14767, 968, -7723), (-114, 342, -33)]
[(-14767, 968, -7723), (-114, 342, -33)]
[(-14767, 968, -7723), (-114, 342, -33)]
[(-14762, 980, -7696), (-92, 327, -20)]
[(-14762, 980, -7696), (-92, 327, -20)]
[(-14762, 980, -7696), (-92, 327, -20)]
[(-14762, 980, -7696), (-92, 327, -20)]
[(-14762, 980, -7696), (-92, 327, -20)]
[(-14762, 980, -7696), (-92, 327, -20)]
[(-14762, 980, -7696), (-92, 327, -20)]
[(-14762, 980, -7696), (-92, 327, -20)]
[(-14772, 979, -7676), (-21, 294, -22)]
[(-14772, 979, -7676), (-21, 294, -22)]
[(-14772, 979, -7676), (-21, 294, -22)]
[(-14744, 980, -7677), (28, 352, -59)]
[(-14744, 980, -7677), (28, 352, -59)]
[(-14744, 980, -7677), (28, 352, -59)]
[(-14744, 980, -7677), (28, 352, -59)]
[(-14744, 980, -7677), (28, 352, -59)]
[(-14744, 980, -7677), (28, 352, -59)]
[(-14703, 974, -7737), (-29, 366, -200)]
[(-14703, 974, -7737), (-29, 366, -200)]
[(-14703, 974, -7737), (-29, 366, -200)]
[(-14703, 974, -7737), (-29, 366, -200)]
[(-14703, 974, -7737), (-29, 366, -200)]
[(-14703, 974, -7737), (-29, 366, -200)]
[(-14703, 974, -7737), (-29, 366, -200)]
[(-14697, 946, -7722), (-12, 372, -177)]
[(-14697, 946, -7722), (-12, 372, -177)]
[(-14697, 946, -7722), (-12, 372, -177)]
[(-14697, 946, -7722), (-12, 372, -177)]
[(-14697, 946, -7722), (-12, 372, -177)]
[(-14717, 908, -7732), (43, 372, -202)]
[(-14717, 908, -7732), (43, 372, -202)]
[(-14717, 908, -7732), (43, 372, -202)]
[(-14717, 908, -7732), (43, 372, -202)]
[(-14717, 908, -7732), (43, 372, -202)]
[(-14717, 908, -7732), (43, 372, -202)]
[(-14735, 896, -7739), (82, 348, -247)]
[(-14735, 896, -7739), (82, 348, -247)]
[(-14735, 896, -7739), (82, 348, -247)]
[(-14735, 896, -7739), (82, 348, -247)]
[(-14735, 896, -7739), (82, 348, -247)]
[(-14735, 896, -7739), (82, 348, -247)]
[(-14735, 896, -7739), (82, 348, -247)]
[(-14735, 896, -7739), (82, 348, -247)]
[(-14735, 896, -7739), (82, 348, -247)]
[(-14751, 860, -7703), (208, 326, -257)]
[(-14751, 860, -7703), (208, 326, -257)]
[(-14751, 860, -7703), (208, 326, -257)]
[(-14788, 794, -7764), (157, 377, -225)]
[(-14788, 794, -7764), (157, 377, -225)]
[(-14788, 794, -7764), (157, 377, -225)]
[(-14788, 794, -7764), (157, 377, -225)]
[(-14788, 794, -7764), (157, 377, -225)]
[(-14788, 794, -7764), (157, 377, -225)]
[(-14824, 718, -7786), (70, 378, -57)]
[(-14824, 718, -7786), (70, 378, -57)]
[(-14824, 718, -7786), (70, 378, -57)]
[(-14824, 718, -7786), (70, 378, -57)]
[(-14824, 718, -7786), (70, 378, -57)]
[(-14824, 718, -7786), (70, 378, -57)]
[(-14824, 718, -7786), (70, 378, -57)]
[(-14792, 705, -7803), (-60, 397, 115)]
[(-14792, 705, -7803), (-60, 397, 115)]
[(-14792, 705, -7803), (-60, 397, 115)]
[(-14792, 705, -7803), (-60, 397, 115)]
[(-14792, 705, -7803), (-60, 397, 115)]
[(-14713, 849, -7819), (-206, 348, 121)]
[(-14713, 849, -7819), (-206, 348, 121)]
[(-14713, 849, -7819), (-206, 348, 121)]
[(-14713, 849, -7819), (-206, 348, 121)]
[(-14713, 849, -7819), (-206, 348, 121)]
[(-14713, 849, -7819), (-206, 348, 121)]
[(-14689, 943, -7788), (-115, 213, 114)]
[(-14689, 943, -7788), (-115, 213, 114)]
[(-14689, 943, -7788), (-115, 213, 114)]
[(-14689, 943, -7788), (-115, 213, 114)]
[(-14689, 943, -7788), (-115, 213, 114)]
[(-14689, 943, -7788), (-115, 213, 114)]
[(-14689, 943, -7788), (-115, 213, 114)]
[(-14702, 965, -7781), (-159, 205, 31)]
[(-14702, 965, -7781), (-159, 205, 31)]
[(-14702, 965, -7781), (-159, 205, 31)]
[(-14702, 965, -7781), (-159, 205, 31)]
[(-14702, 965, -7781), (-159, 205, 31)]
[(-14699, 1037, -7768), (-94, 198, 39)]
[(-14699, 1037, -7768), (-94, 198, 39)]
[(-14699, 1037, -7768), (-94, 198, 39)]
[(-14699, 1037, -7768), (-94, 198, 39)]
[(-14699, 1037, -7768), (-94, 198, 39)]
[(-14699, 1037, -7768), (-94, 198, 39)]
[(-14699, 1037, -7768), (-94, 198, 39)]
[(-14701, 993, -7760), (-84, 227, -20)]
[(-14701, 993, -7760), (-84, 227, -20)]
[(-14701, 993, -7760), (-84, 227, -20)]
[(-14701, 993, -7760), (-84, 227, -20)]
[(-14701, 993, -7760), (-84, 227, -20)]
[(-14701, 993, -7760), (-84, 227, -20)]
[(-14727, 966, -7762), (-61, 260, -24)]
[(-14727, 966, -7762), (-61, 260, -24)]
[(-14727, 966, -7762), (-61, 260, -24)]
[(-14727, 966, -7762), (-61, 260, -24)]
[(-14727, 966, -7762), (-61, 260, -24)]
[(-14734, 936, -7750), (-73, 289, -11)]
[(-14734, 936, -7750), (-73, 289, -11)]
[(-14734, 936, -7750), (-73, 289, -11)]