[(-14712, 1080, -7793), (-53, 358, -15)]
[(-14712, 1080, -7793), (-53, 358, -15)]
[(-14712, 1080, -7793), (-53, 358, -15)]
[(-14712, 1080, -7793), (-53, 358, -15)]
[(-14712, 1080, -7793), (-53, 358, -15)]
[(-14708, 1065, -7792), (-53, 346, -5)]
[(-14708, 1065, -7792), (-53, 346, -5)]
[(-14708, 1065, -7792), (-53, 346, -5)]
[(-14721, 1102, -7734), (-64, 318, -15)]
[(-14721, 1102, -7734), (-64, 318, -15)]
[(-14721, 1102, -7734), (-64, 318, -15)]
[(-14721, 1102, -7734), (-64, 318, -15)]
[(-14721, 1102, -7734), (-64, 318, -15)]
[(-14721, 1102, -7734), (-64, 318, -15)]
[(-14712, 1076, -7737), (-45, 306, -20)]
[(-14712, 1076, -7737), (-45, 306, -20)]
[(-14712, 1076, -7737), (-45, 306, -20)]
[(-14712, 1076, -7737), (-45, 306, -20)]
[(-14712, 1076, -7737), (-45, 306, -20)]
[(-14712, 1076, -7737), (-45, 306, -20)]
[(-14712, 1076, -7737), (-45, 306, -20)]
[(-14717, 1043, -7725), (-69, 356, -17)]
[(-14717, 1043, -7725), (-69, 356, -17)]
[(-14717, 1043, -7725), (-69, 356, -17)]
[(-14717, 1043, -7725), (-69, 356, -17)]
[(-14717, 1043, -7725), (-69, 356, -17)]
[(-14681, 1033, -7728), (-54, 390, -4)]
[(-14681, 1033, -7728), (-54, 390, -4)]
[(-14681, 1033, -7728), (-54, 390, -4)]
[(-14681, 1033, -7728), (-54, 390, -4)]
[(-14681, 1033, -7728), (-54, 390, -4)]
[(-14681, 1033, -7728), (-54, 390, -4)]
[(-14687, 1041, -7732), (-4, 382, 22)]
[(-14687, 1041, -7732), (-4, 382, 22)]
[(-14687, 1041, -7732), (-4, 382, 22)]
[(-14687, 1041, -7732), (-4, 382, 22)]
[(-14687, 1041, -7732), (-4, 382, 22)]
[(-14687, 1041, -7732), (-4, 382, 22)]
[(-14687, 1041, -7732), (-4, 382, 22)]
[(-14688, 1068, -7784), (59, 403, -41)]
[(-14688, 1068, -7784), (59, 403, -41)]
[(-14688, 1068, -7784), (59, 403, -41)]
[(-14688, 1068, -7784), (59, 403, -41)]
[(-14688, 1068, -7784), (59, 403, -41)]
[(-14686, 1038, -7837), (107, 382, -107)]
[(-14686, 1038, -7837), (107, 382, -107)]
[(-14686, 1038, -7837), (107, 382, -107)]
[(-14686, 1038, -7837), (107, 382, -107)]
[(-14686, 1038, -7837), (107, 382, -107)]
[(-14686, 1038, -7837), (107, 382, -107)]
[(-14680, 972, -7853), (129, 378, -167)]
[(-14680, 972, -7853), (129, 378, -167)]
[(-14680, 972, -7853), (129, 378, -167)]
[(-14680, 972, -7853), (129, 378, -167)]
[(-14680, 972, -7853), (129, 378, -167)]
[(-14680, 972, -7853), (129, 378, -167)]
[(-14680, 972, -7853), (129, 378, -167)]
[(-14680, 972, -7853), (129, 378, -167)]
[(-14680, 972, -7853), (129, 378, -167)]
[(-14666, 872, -7844), (169, 365, -207)]
[(-14666, 872, -7844), (169, 365, -207)]
[(-14666, 872, -7844), (169, 365, -207)]
[(-14709, 735, -7869), (182, 357, -230)]
[(-14709, 735, -7869), (182, 357, -230)]
[(-14709, 735, -7869), (182, 357, -230)]
[(-14709, 735, -7869), (182, 357, -230)]
[(-14709, 735, -7869), (182, 357, -230)]
[(-14709, 735, -7869), (182, 357, -230)]
[(-14702, 666, -7864), (72, 331, -111)]
[(-14702, 666, -7864), (72, 331, -111)]
[(-14702, 666, -7864), (72, 331, -111)]
[(-14702, 666, -7864), (72, 331, -111)]
[(-14702, 666, -7864), (72, 331, -111)]
[(-14702, 666, -7864), (72, 331, -111)]
[(-14702, 666, -7864), (72, 331, -111)]
[(-14793, 615, -7912), (-138, 303, 198)]
[(-14793, 615, -7912), (-138, 303, 198)]
[(-14793, 615, -7912), (-138, 303, 198)]
[(-14793, 615, -7912), (-138, 303, 198)]
[(-14793, 615, -7912), (-138, 303, 198)]
[(-14791, 632, -7902), (-361, 371, 371)]
[(-14791, 632, -7902), (-361, 371, 371)]
[(-14791, 632, -7902), (-361, 371, 371)]
[(-14791, 632, -7902), (-361, 371, 371)]
[(-14791, 632, -7902), (-361, 371, 371)]
[(-14791, 632, -7902), (-361, 371, 371)]
[(-14791, 632, -7902), (-361, 371, 371)]
[(-14791, 632, -7902), (-361, 371, 371)]
[(-14692, 857, -7850), (-434, 312, 408)]
[(-14692, 857, -7850), (-434, 312, 408)]
[(-14712, 945, -7814), (-422, 350, 256)]
[(-14712, 945, -7814), (-422, 350, 256)]
[(-14712, 945, -7814), (-422, 350, 256)]
[(-14712, 945, -7814), (-422, 350, 256)]
[(-14712, 945, -7814), (-422, 350, 256)]
[(-14712, 945, -7814), (-422, 350, 256)]
[(-14712, 945, -7814), (-422, 350, 256)]
[(-14677, 1067, -7797), (-350, 360, 203)]
[(-14677, 1067, -7797), (-350, 360, 203)]
[(-14677, 1067, -7797), (-350, 360, 203)]
[(-14677, 1067, -7797), (-350, 360, 203)]
[(-14677, 1067, -7797), (-350, 360, 203)]
[(-14677, 1067, -7797), (-350, 360, 203)]
[(-14694, 1049, -7794), (-296, 401, 114)]
[(-14694, 1049, -7794), (-296, 401, 114)]
[(-14694, 1049, -7794), (-296, 401, 114)]
[(-14694, 1049, -7794), (-296, 401, 114)]
[(-14694, 1049, -7794), (-296, 401, 114)]
[(-14683, 1037, -7818), (-189, 387, 75)]
[(-14683, 1037, -7818), (-189, 387, 75)]
[(-14683, 1037, -7818), (-189, 387, 75)]
[(-14683, 1037, -7818), (-189, 387, 75)]