[(-14644, 818, -8037), (-33, 241, 29)]
[(-14662, 803, -8040), (-22, 219, 14)]
[(-14662, 803, -8040), (-22, 219, 14)]
[(-14662, 803, -8040), (-22, 219, 14)]
[(-14662, 803, -8040), (-22, 219, 14)]
[(-14662, 803, -8040), (-22, 219, 14)]
[(-14662, 803, -8040), (-22, 219, 14)]
[(-14658, 816, -8016), (-88, 358, 1)]
[(-14658, 816, -8016), (-88, 358, 1)]
[(-14658, 816, -8016), (-88, 358, 1)]
[(-14658, 816, -8016), (-88, 358, 1)]
[(-14658, 816, -8016), (-88, 358, 1)]
[(-14664, 802, -7986), (-82, 359, -11)]
[(-14664, 802, -7986), (-82, 359, -11)]
[(-14664, 802, -7986), (-82, 359, -11)]
[(-14664, 802, -7986), (-82, 359, -11)]
[(-14664, 802, -7986), (-82, 359, -11)]
[(-14640, 803, -7975), (-21, 179, -67)]
[(-14640, 803, -7975), (-21, 179, -67)]
[(-14640, 803, -7975), (-21, 179, -67)]
[(-14640, 803, -7975), (-21, 179, -67)]
[(-14640, 803, -7975), (-21, 179, -67)]
[(-14640, 803, -7975), (-21, 179, -67)]
[(-14640, 803, -7975), (-21, 179, -67)]
[(-14640, 803, -7975), (-21, 179, -67)]
[(-14640, 803, -7975), (-21, 179, -67)]
[(-14664, 796, -7961), (17, 366, -34)]
[(-14664, 796, -7961), (17, 366, -34)]
[(-14664, 796, -7961), (17, 366, -34)]
[(-14664, 796, -7961), (17, 366, -34)]
[(-14609, 704, -7929), (-4, 520, -138)]
[(-14609, 704, -7929), (-4, 520, -138)]
[(-14609, 704, -7929), (-4, 520, -138)]
[(-14609, 704, -7929), (-4, 520, -138)]
[(-14609, 704, -7929), (-4, 520, -138)]
[(-14584, 768, -7992), (92, 557, -108)]
[(-14584, 768, -7992), (92, 557, -108)]
[(-14584, 768, -7992), (92, 557, -108)]
[(-14584, 768, -7992), (92, 557, -108)]
[(-14584, 768, -7992), (92, 557, -108)]
[(-14584, 768, -7992), (92, 557, -108)]
[(-14584, 768, -7992), (92, 557, -108)]
[(-14584, 768, -7992), (92, 557, -108)]
[(-14577, 774, -8067), (159, 526, -105)]
[(-14577, 774, -8067), (159, 526, -105)]
[(-14577, 774, -8067), (159, 526, -105)]
[(-14577, 774, -8067), (159, 526, -105)]
[(-14577, 774, -8067), (159, 526, -105)]
[(-14568, 782, -8122), (136, 507, -136)]
[(-14568, 782, -8122), (136, 507, -136)]
[(-14568, 782, -8122), (136, 507, -136)]
[(-14568, 782, -8122), (136, 507, -136)]
[(-14568, 782, -8122), (136, 507, -136)]
[(-14565, 716, -8145), (108, 528, -181)]
[(-14565, 716, -8145), (108, 528, -181)]
[(-14565, 716, -8145), (108, 528, -181)]
[(-14565, 716, -8145), (108, 528, -181)]
[(-14565, 716, -8145), (108, 528, -181)]
[(-14565, 716, -8145), (108, 528, -181)]
[(-14565, 716, -8145), (108, 528, -181)]
[(-14565, 716, -8145), (108, 528, -181)]
[(-14525, 727, -8208), (145, 499, -207)]
[(-14525, 727, -8208), (145, 499, -207)]
[(-14525, 727, -8208), (145, 499, -207)]
[(-14525, 727, -8208), (145, 499, -207)]
[(-14525, 727, -8208), (145, 499, -207)]
[(-14525, 727, -8208), (145, 499, -207)]
[(-14525, 727, -8208), (145, 499, -207)]
[(-14525, 727, -8208), (145, 499, -207)]
[(-14525, 727, -8208), (145, 499, -207)]
[(-14504, 686, -8283), (97, 410, -109)]
[(-14518, 686, -8334), (-151, 391, 29)]
[(-14518, 686, -8334), (-151, 391, 29)]
[(-14518, 686, -8334), (-151, 391, 29)]
[(-14518, 686, -8334), (-151, 391, 29)]
[(-14518, 686, -8334), (-151, 391, 29)]
[(-14518, 686, -8334), (-151, 391, 29)]
[(-14518, 686, -8334), (-151, 391, 29)]
[(-14518, 686, -8334), (-151, 391, 29)]
[(-14507, 756, -8299), (-496, 339, 101)]
[(-14507, 756, -8299), (-496, 339, 101)]
[(-14507, 756, -8299), (-496, 339, 101)]
[(-14507, 756, -8299), (-496, 339, 101)]
[(-14507, 756, -8299), (-496, 339, 101)]
[(-14483, 859, -8283), (-504, 294, 115)]
[(-14483, 859, -8283), (-504, 294, 115)]
[(-14483, 859, -8283), (-504, 294, 115)]
[(-14483, 859, -8283), (-504, 294, 115)]
[(-14483, 859, -8283), (-504, 294, 115)]
[(-14483, 859, -8283), (-504, 294, 115)]
[(-14499, 903, -8212), (-472, 178, 4)]
[(-14499, 903, -8212), (-472, 178, 4)]
[(-14499, 903, -8212), (-472, 178, 4)]
[(-14499, 903, -8212), (-472, 178, 4)]
[(-14499, 903, -8212), (-472, 178, 4)]
[(-14542, 966, -8190), (-353, 167, 4)]
[(-14542, 966, -8190), (-353, 167, 4)]
[(-14542, 966, -8190), (-353, 167, 4)]
[(-14542, 966, -8190), (-353, 167, 4)]
[(-14542, 966, -8190), (-353, 167, 4)]
[(-14542, 966, -8190), (-353, 167, 4)]
[(-14542, 966, -8190), (-353, 167, 4)]
[(-14513, 974, -8140), (-340, 152, -75)]
[(-14513, 974, -8140), (-340, 152, -75)]
[(-14513, 974, -8140), (-340, 152, -75)]
[(-14513, 974, -8140), (-340, 152, -75)]
[(-14513, 974, -8140), (-340, 152, -75)]
[(-14538, 947, -8119), (-240, 194, -95)]
[(-14538, 947, -8119), (-240, 194, -95)]
[(-14538, 947, -8119), (-240, 194, -95)]
[(-14538, 947, -8119), (-240, 194, -95)]
[(-14538, 947, -8119), (-240, 194, -95)]
[(-14538, 947, -8119), (-240, 194, -95)]
[(-14564, 940, -8110), (-167, 204, -82)]
[(-14564, 940, -8110), (-167, 204, -82)]