[(-14788, 470, -7582), (-91, 350, -33)]
[(-14788, 470, -7582), (-91, 350, -33)]
[(-14788, 470, -7582), (-91, 350, -33)]
[(-14788, 470, -7582), (-91, 350, -33)]
[(-14774, 465, -7596), (-86, 339, -31)]
[(-14774, 465, -7596), (-86, 339, -31)]
[(-14774, 465, -7596), (-86, 339, -31)]
[(-14774, 465, -7596), (-86, 339, -31)]
[(-14774, 465, -7596), (-86, 339, -31)]
[(-14786, 447, -7617), (-77, 338, -29)]
[(-14786, 447, -7617), (-77, 338, -29)]
[(-14786, 447, -7617), (-77, 338, -29)]
[(-14786, 447, -7617), (-77, 338, -29)]
[(-14786, 447, -7617), (-77, 338, -29)]
[(-14794, 441, -7635), (-82, 347, -33)]
[(-14794, 441, -7635), (-82, 347, -33)]
[(-14794, 441, -7635), (-82, 347, -33)]
[(-14794, 441, -7635), (-82, 347, -33)]
[(-14794, 441, -7635), (-82, 347, -33)]
[(-14794, 441, -7635), (-82, 347, -33)]
[(-14794, 441, -7635), (-82, 347, -33)]
[(-14794, 441, -7635), (-82, 347, -33)]
[(-14816, 424, -7624), (-97, 353, -30)]
[(-14816, 424, -7624), (-97, 353, -30)]
[(-14816, 424, -7624), (-97, 353, -30)]
[(-14816, 424, -7624), (-97, 353, -30)]
[(-14816, 424, -7624), (-97, 353, -30)]
[(-14839, 428, -7590), (-74, 333, -32)]
[(-14839, 428, -7590), (-74, 333, -32)]
[(-14839, 428, -7590), (-74, 333, -32)]
[(-14839, 428, -7590), (-74, 333, -32)]
[(-14839, 428, -7590), (-74, 333, -32)]
[(-14836, 424, -7559), (-13, 312, -43)]
[(-14836, 424, -7559), (-13, 312, -43)]
[(-14836, 424, -7559), (-13, 312, -43)]
[(-14836, 424, -7559), (-13, 312, -43)]
[(-14836, 424, -7559), (-13, 312, -43)]
[(-14836, 424, -7559), (-13, 312, -43)]
[(-14836, 424, -7559), (-13, 312, -43)]
[(-14836, 424, -7559), (-13, 312, -43)]
[(-14808, 418, -7621), (-33, 711, -40)]
[(-14808, 418, -7621), (-33, 711, -40)]
[(-14808, 418, -7621), (-33, 711, -40)]
[(-14808, 418, -7621), (-33, 711, -40)]
[(-14808, 418, -7621), (-33, 711, -40)]
[(-14825, 410, -7597), (-38, 651, 11)]
[(-14825, 410, -7597), (-38, 651, 11)]
[(-14825, 410, -7597), (-38, 651, 11)]
[(-14825, 410, -7597), (-38, 651, 11)]
[(-14825, 410, -7597), (-38, 651, 11)]
[(-14836, 380, -7624), (-49, 605, -6)]
[(-14836, 380, -7624), (-49, 605, -6)]
[(-14836, 380, -7624), (-49, 605, -6)]
[(-14836, 380, -7624), (-49, 605, -6)]
[(-14836, 380, -7624), (-49, 605, -6)]
[(-14836, 380, -7624), (-49, 605, -6)]
[(-14836, 380, -7624), (-49, 605, -6)]
[(-14836, 380, -7624), (-49, 605, -6)]
[(-14832, 378, -7630), (-90, 569, -37)]
[(-14832, 378, -7630), (-90, 569, -37)]
[(-14832, 378, -7630), (-90, 569, -37)]
[(-14832, 378, -7630), (-90, 569, -37)]
[(-14832, 378, -7630), (-90, 569, -37)]
[(-14845, 362, -7610), (-104, 542, -59)]
[(-14845, 362, -7610), (-104, 542, -59)]
[(-14845, 362, -7610), (-104, 542, -59)]
[(-14845, 362, -7610), (-104, 542, -59)]
[(-14845, 362, -7610), (-104, 542, -59)]
[(-14854, 349, -7575), (-113, 509, -64)]
[(-14854, 349, -7575), (-113, 509, -64)]
[(-14854, 349, -7575), (-113, 509, -64)]
[(-14854, 349, -7575), (-113, 509, -64)]
[(-14854, 349, -7575), (-113, 509, -64)]
[(-14854, 349, -7575), (-113, 509, -64)]
[(-14854, 349, -7575), (-113, 509, -64)]
[(-14854, 349, -7575), (-113, 509, -64)]
[(-14854, 324, -7586), (-82, 454, -79)]
[(-14854, 324, -7586), (-82, 454, -79)]
[(-14854, 324, -7586), (-82, 454, -79)]
[(-14854, 324, -7586), (-82, 454, -79)]
[(-14854, 324, -7586), (-82, 454, -79)]
[(-14861, 264, -7596), (-59, 383, -93)]
[(-14861, 264, -7596), (-59, 383, -93)]
[(-14861, 264, -7596), (-59, 383, -93)]
[(-14861, 264, -7596), (-59, 383, -93)]
[(-14861, 264, -7596), (-59, 383, -93)]
[(-14878, 252, -7599), (-101, 380, -71)]
[(-14878, 252, -7599), (-101, 380, -71)]
[(-14878, 252, -7599), (-101, 380, -71)]
[(-14878, 252, -7599), (-101, 380, -71)]
[(-14878, 252, -7599), (-101, 380, -71)]
[(-14878, 252, -7599), (-101, 380, -71)]
[(-14878, 252, -7599), (-101, 380, -71)]
[(-14878, 252, -7599), (-101, 380, -71)]
[(-14876, 252, -7562), (-106, 394, -13)]
[(-14876, 252, -7562), (-106, 394, -13)]
[(-14876, 252, -7562), (-106, 394, -13)]
[(-14876, 252, -7562), (-106, 394, -13)]
[(-14876, 252, -7562), (-106, 394, -13)]
[(-14855, 248, -7562), (-131, 406, 19)]
[(-14855, 248, -7562), (-131, 406, 19)]
[(-14855, 248, -7562), (-131, 406, 19)]
[(-14855, 248, -7562), (-131, 406, 19)]
[(-14855, 248, -7562), (-131, 406, 19)]
[(-14827, 300, -7552), (-166, 398, -24)]
[(-14827, 300, -7552), (-166, 398, -24)]
[(-14827, 300, -7552), (-166, 398, -24)]
[(-14827, 300, -7552), (-166, 398, -24)]
[(-14827, 300, -7552), (-166, 398, -24)]
[(-14827, 300, -7552), (-166, 398, -24)]
[(-14855, 298, -7576), (-56, 361, -21)]
[(-14855, 298, -7576), (-56, 361, -21)]
[(-14855, 298, -7576), (-56, 361, -21)]
[(-14855, 298, -7576), (-56, 361, -21)]
[(-14855, 298, -7576), (-56, 361, -21)]
[(-14855, 298, -7576), (-56, 361, -21)]
[(-14855, 298, -7576), (-56, 361, -21)]
[(-14860, 270, -7548), (-166, 335, -73)]
[(-14860, 270, -7548), (-166, 335, -73)]
[(-14860, 270, -7548), (-166, 335, -73)]
[(-14860, 270, -7548), (-166, 335, -73)]
[(-14860, 270, -7548), (-166, 335, -73)]
[(-14860, 270, -7548), (-166, 335, -73)]
[(-14833, 307, -7576), (-43, 364, 2)]
[(-14833, 307, -7576), (-43, 364, 2)]
[(-14833, 307, -7576), (-43, 364, 2)]
[(-14833, 307, -7576), (-43, 364, 2)]
[(-14833, 307, -7576), (-43, 364, 2)]
[(-14828, 303, -7580), (-120, 358, -19)]
[(-14828, 303, -7580), (-120, 358, -19)]
[(-14828, 303, -7580), (-120, 358, -19)]
[(-14828, 303, -7580), (-120, 358, -19)]
[(-14828, 303, -7580), (-120, 358, -19)]
[(-14828, 303, -7580), (-120, 358, -19)]
[(-14828, 303, -7580), (-120, 358, -19)]
[(-14821, 302, -7573), (-120, 394, -7)]
[(-14821, 302, -7573), (-120, 394, -7)]
[(-14821, 302, -7573), (-120, 394, -7)]
[(-14821, 302, -7573), (-120, 394, -7)]
[(-14821, 302, -7573), (-120, 394, -7)]
[(-14812, 364, -7602), (-104, 393, -16)]
[(-14812, 364, -7602), (-104, 393, -16)]
[(-14812, 364, -7602), (-104, 393, -16)]
[(-14812, 364, -7602), (-104, 393, -16)]
[(-14812, 364, -7602), (-104, 393, -16)]
[(-14812, 364, -7602), (-104, 393, -16)]
[(-14821, 387, -7603), (-103, 419, -11)]
[(-14821, 387, -7603), (-103, 419, -11)]
[(-14821, 387, -7603), (-103, 419, -11)]
[(-14821, 387, -7603), (-103, 419, -11)]
[(-14821, 387, -7603), (-103, 419, -11)]