[(-14598, 1154, -8088), (-33, 234, 1)]
[(-14600, 1127, -8095), (-50, 254, 2)]
[(-14600, 1127, -8095), (-50, 254, 2)]
[(-14600, 1127, -8095), (-50, 254, 2)]
[(-14600, 1127, -8095), (-50, 254, 2)]
[(-14600, 1127, -8095), (-50, 254, 2)]
[(-14600, 1127, -8095), (-50, 254, 2)]
[(-14579, 1130, -8096), (-56, 278, 2)]
[(-14579, 1130, -8096), (-56, 278, 2)]
[(-14579, 1130, -8096), (-56, 278, 2)]
[(-14579, 1130, -8096), (-56, 278, 2)]
[(-14579, 1130, -8096), (-56, 278, 2)]
[(-14579, 1130, -8096), (-56, 278, 2)]
[(-14579, 1130, -8096), (-56, 278, 2)]
[(-14579, 1130, -8096), (-56, 278, 2)]
[(-14581, 1133, -8117), (-66, 304, -11)]
[(-14581, 1133, -8117), (-66, 304, -11)]
[(-14581, 1133, -8117), (-66, 304, -11)]
[(-14581, 1133, -8117), (-66, 304, -11)]
[(-14581, 1133, -8117), (-66, 304, -11)]
[(-14581, 1133, -8117), (-66, 304, -11)]
[(-14581, 1133, -8117), (-66, 304, -11)]
[(-14573, 1115, -8152), (51, 262, -28)]
[(-14573, 1115, -8152), (51, 262, -28)]
[(-14587, 1117, -8191), (-413, 375, -31)]
[(-14587, 1117, -8191), (-413, 375, -31)]
[(-14587, 1117, -8191), (-413, 375, -31)]
[(-14587, 1117, -8191), (-413, 375, -31)]
[(-14587, 1117, -8191), (-413, 375, -31)]
[(-14587, 1117, -8191), (-413, 375, -31)]
[(-14587, 1117, -8191), (-413, 375, -31)]
[(-14571, 1166, -8220), (-528, 448, -36)]
[(-14571, 1166, -8220), (-528, 448, -36)]
[(-14571, 1166, -8220), (-528, 448, -36)]
[(-14571, 1166, -8220), (-528, 448, -36)]
[(-14571, 1166, -8220), (-528, 448, -36)]
[(-14571, 1166, -8220), (-528, 448, -36)]
[(-14571, 1166, -8220), (-528, 448, -36)]
[(-14592, 1173, -8236), (-331, 353, -36)]
[(-14592, 1173, -8236), (-331, 353, -36)]
[(-14592, 1173, -8236), (-331, 353, -36)]
[(-14592, 1173, -8236), (-331, 353, -36)]
[(-14592, 1173, -8236), (-331, 353, -36)]
[(-14592, 1173, -8236), (-331, 353, -36)]
[(-14592, 1173, -8236), (-331, 353, -36)]
[(-14592, 1173, -8236), (-331, 353, -36)]
[(-14592, 1173, -8236), (-331, 353, -36)]
[(-14592, 1173, -8236), (-331, 353, -36)]
[(-14592, 1173, -8236), (-331, 353, -36)]
[(-14592, 1173, -8236), (-331, 353, -36)]
[(-14592, 1173, -8236), (-331, 353, -36)]
[(-14581, 1158, -8201), (-74, 257, -61)]
[(-14581, 1158, -8201), (-74, 257, -61)]
[(-14581, 1158, -8201), (-74, 257, -61)]
[(-14617, 1114, -8197), (29, 231, -18)]
[(-14617, 1114, -8197), (29, 231, -18)]
[(-14617, 1114, -8197), (29, 231, -18)]
[(-14617, 1114, -8197), (29, 231, -18)]
[(-14617, 1114, -8197), (29, 231, -18)]
[(-14617, 1114, -8197), (29, 231, -18)]
[(-14617, 1114, -8197), (29, 231, -18)]
[(-14586, 1100, -8188), (84, 258, -26)]
[(-14586, 1100, -8188), (84, 258, -26)]
[(-14586, 1100, -8188), (84, 258, -26)]
[(-14586, 1100, -8188), (84, 258, -26)]
[(-14586, 1100, -8188), (84, 258, -26)]
[(-14586, 1100, -8188), (84, 258, -26)]
[(-14622, 1069, -8175), (33, 267, 26)]
[(-14622, 1069, -8175), (33, 267, 26)]
[(-14622, 1069, -8175), (33, 267, 26)]
[(-14622, 1069, -8175), (33, 267, 26)]
[(-14622, 1069, -8175), (33, 267, 26)]
[(-14622, 1069, -8175), (33, 267, 26)]
[(-14622, 1069, -8175), (33, 267, 26)]
[(-14622, 1069, -8175), (33, 267, 26)]
[(-14622, 1069, -8175), (33, 267, 26)]
[(-14609, 1112, -8175), (-29, 298, 90)]
[(-14609, 1112, -8175), (-29, 298, 90)]
[(-14609, 1112, -8175), (-29, 298, 90)]
[(-14609, 1112, -8175), (-29, 298, 90)]
[(-14609, 1112, -8175), (-29, 298, 90)]
[(-14609, 1112, -8175), (-29, 298, 90)]
[(-14609, 1112, -8175), (-29, 298, 90)]
[(-14609, 1112, -8175), (-29, 298, 90)]
[(-14609, 1112, -8175), (-29, 298, 90)]
[(-14598, 1107, -8216), (-87, 285, -16)]
[(-14598, 1107, -8216), (-87, 285, -16)]
[(-14598, 1107, -8216), (-87, 285, -16)]
[(-14598, 1107, -8216), (-87, 285, -16)]
[(-14598, 1107, -8216), (-87, 285, -16)]
[(-14576, 1098, -8204), (-86, 300, 36)]
[(-14576, 1098, -8204), (-86, 300, 36)]
[(-14576, 1098, -8204), (-86, 300, 36)]
[(-14576, 1098, -8204), (-86, 300, 36)]
[(-14576, 1098, -8204), (-86, 300, 36)]
[(-14576, 1098, -8204), (-86, 300, 36)]
[(-14576, 1098, -8204), (-86, 300, 36)]
[(-14576, 1098, -8204), (-86, 300, 36)]
[(-14587, 1115, -8189), (-72, 333, 34)]
[(-14587, 1115, -8189), (-72, 333, 34)]
[(-14587, 1115, -8189), (-72, 333, 34)]
[(-14574, 1127, -8182), (-101, 276, 5)]
[(-14574, 1127, -8182), (-101, 276, 5)]
[(-14574, 1127, -8182), (-101, 276, 5)]
[(-14574, 1127, -8182), (-101, 276, 5)]
[(-14574, 1127, -8182), (-101, 276, 5)]
[(-14574, 1127, -8182), (-101, 276, 5)]
[(-14574, 1127, -8182), (-101, 276, 5)]
[(-14574, 1127, -8182), (-101, 276, 5)]
[(-14574, 1127, -8182), (-101, 276, 5)]
[(-14574, 1127, -8182), (-101, 276, 5)]
[(-14574, 1127, -8182), (-101, 276, 5)]
[(-14574, 1127, -8182), (-101, 276, 5)]
[(-14574, 1127, -8182), (-101, 276, 5)]
[(-14574, 1127, -8182), (-101, 276, 5)]
[(-14576, 1143, -8132), (-124, 275, -15)]
[(-14596, 1158, -8142), (-101, 289, 16)]
[(-14596, 1158, -8142), (-101, 289, 16)]
[(-14596, 1158, -8142), (-101, 289, 16)]
[(-14596, 1158, -8142), (-101, 289, 16)]
[(-14596, 1158, -8142), (-101, 289, 16)]
[(-14588, 1146, -8138), (-95, 320, -6)]
[(-14588, 1146, -8138), (-95, 320, -6)]
[(-14588, 1146, -8138), (-95, 320, -6)]
[(-14588, 1146, -8138), (-95, 320, -6)]
[(-14588, 1146, -8138), (-95, 320, -6)]
[(-14588, 1146, -8138), (-95, 320, -6)]
[(-14588, 1146, -8138), (-95, 320, -6)]
[(-14609, 1136, -8126), (-125, 297, -32)]
[(-14609, 1136, -8126), (-125, 297, -32)]
[(-14609, 1136, -8126), (-125, 297, -32)]
[(-14609, 1136, -8126), (-125, 297, -32)]
[(-14604, 1131, -8108), (-96, 319, -17)]
[(-14604, 1131, -8108), (-96, 319, -17)]
[(-14604, 1131, -8108), (-96, 319, -17)]
[(-14604, 1131, -8108), (-96, 319, -17)]
[(-14604, 1131, -8108), (-96, 319, -17)]
[(-14594, 1121, -8111), (-98, 353, -5)]
[(-14594, 1121, -8111), (-98, 353, -5)]
[(-14594, 1121, -8111), (-98, 353, -5)]
[(-14594, 1121, -8111), (-98, 353, -5)]
[(-14594, 1121, -8111), (-98, 353, -5)]