[(-14715, 429, -7927), (-133, 301, -33)]
[(-14708, 455, -7926), (-145, 299, -42)]
[(-14708, 455, -7926), (-145, 299, -42)]
[(-14708, 455, -7926), (-145, 299, -42)]
[(-14723, 456, -7894), (-137, 292, -48)]
[(-14723, 456, -7894), (-137, 292, -48)]
[(-14723, 456, -7894), (-137, 292, -48)]
[(-14723, 456, -7894), (-137, 292, -48)]
[(-14723, 456, -7894), (-137, 292, -48)]
[(-14723, 456, -7894), (-137, 292, -48)]
[(-14723, 456, -7894), (-137, 292, -48)]
[(-14723, 456, -7894), (-137, 292, -48)]
[(-14723, 456, -7894), (-137, 292, -48)]
[(-14704, 467, -7866), (-148, 281, -27)]
[(-14704, 467, -7866), (-148, 281, -27)]
[(-14704, 467, -7866), (-148, 281, -27)]
[(-14704, 467, -7866), (-148, 281, -27)]
[(-14684, 489, -7855), (-134, 283, -26)]
[(-14684, 489, -7855), (-134, 283, -26)]
[(-14684, 489, -7855), (-134, 283, -26)]
[(-14684, 489, -7855), (-134, 283, -26)]
[(-14684, 489, -7855), (-134, 283, -26)]
[(-14703, 495, -7830), (-32, 183, -33)]
[(-14703, 495, -7830), (-32, 183, -33)]
[(-14703, 495, -7830), (-32, 183, -33)]
[(-14703, 495, -7830), (-32, 183, -33)]
[(-14703, 495, -7830), (-32, 183, -33)]
[(-14703, 495, -7830), (-32, 183, -33)]
[(-14703, 495, -7830), (-32, 183, -33)]
[(-14750, 459, -7766), (144, 102, -66)]
[(-14750, 459, -7766), (144, 102, -66)]
[(-14750, 459, -7766), (144, 102, -66)]
[(-14750, 459, -7766), (144, 102, -66)]
[(-14750, 459, -7766), (144, 102, -66)]
[(-14750, 459, -7766), (144, 102, -66)]
[(-14872, 334, -7799), (105, -64, 3)]
[(-14872, 334, -7799), (105, -64, 3)]
[(-14872, 334, -7799), (105, -64, 3)]
[(-14872, 334, -7799), (105, -64, 3)]
[(-14872, 334, -7799), (105, -64, 3)]
[(-14872, 334, -7799), (105, -64, 3)]
[(-14872, 334, -7799), (105, -64, 3)]
[(-14844, 335, -7765), (0, 31, -47)]
[(-14844, 335, -7765), (0, 31, -47)]
[(-14844, 335, -7765), (0, 31, -47)]
[(-14844, 335, -7765), (0, 31, -47)]
[(-14844, 335, -7765), (0, 31, -47)]
[(-14813, 324, -7745), (-23, 90, -57)]
[(-14813, 324, -7745), (-23, 90, -57)]
[(-14813, 324, -7745), (-23, 90, -57)]
[(-14813, 324, -7745), (-23, 90, -57)]
[(-14813, 324, -7745), (-23, 90, -57)]
[(-14813, 324, -7745), (-23, 90, -57)]
[(-14807, 284, -7733), (-63, 138, -43)]
[(-14807, 284, -7733), (-63, 138, -43)]
[(-14807, 284, -7733), (-63, 138, -43)]
[(-14807, 284, -7733), (-63, 138, -43)]
[(-14807, 284, -7733), (-63, 138, -43)]
[(-14835, 242, -7728), (-130, 190, 57)]
[(-14835, 242, -7728), (-130, 190, 57)]
[(-14835, 242, -7728), (-130, 190, 57)]
[(-14835, 242, -7728), (-130, 190, 57)]
[(-14835, 242, -7728), (-130, 190, 57)]
[(-14835, 242, -7728), (-130, 190, 57)]
[(-14835, 242, -7728), (-130, 190, 57)]
[(-14814, 244, -7759), (-204, 250, 97)]
[(-14814, 244, -7759), (-204, 250, 97)]
[(-14814, 244, -7759), (-204, 250, 97)]
[(-14814, 244, -7759), (-204, 250, 97)]
[(-14814, 244, -7759), (-204, 250, 97)]
[(-14814, 244, -7759), (-204, 250, 97)]
[(-14814, 244, -7759), (-204, 250, 97)]
[(-14814, 244, -7759), (-204, 250, 97)]
[(-14752, 368, -7709), (-284, 262, -11)]
[(-14752, 368, -7709), (-284, 262, -11)]
[(-14752, 368, -7709), (-284, 262, -11)]
[(-14784, 383, -7764), (-121, 239, -93)]
[(-14784, 383, -7764), (-121, 239, -93)]
[(-14784, 383, -7764), (-121, 239, -93)]
[(-14784, 383, -7764), (-121, 239, -93)]
[(-14784, 383, -7764), (-121, 239, -93)]
[(-14784, 383, -7764), (-121, 239, -93)]
[(-14784, 383, -7764), (-121, 239, -93)]
[(-14784, 383, -7764), (-121, 239, -93)]
[(-14784, 383, -7764), (-121, 239, -93)]
[(-14773, 371, -7749), (-239, 280, -145)]
[(-14773, 371, -7749), (-239, 280, -145)]
[(-14773, 371, -7749), (-239, 280, -145)]
[(-14773, 371, -7749), (-239, 280, -145)]
[(-14773, 371, -7749), (-239, 280, -145)]
[(-14742, 354, -7752), (-169, 301, 21)]
[(-14742, 354, -7752), (-169, 301, 21)]
[(-14742, 354, -7752), (-169, 301, 21)]
[(-14721, 344, -7718), (-256, 306, -15)]
[(-14721, 344, -7718), (-256, 306, -15)]
[(-14721, 344, -7718), (-256, 306, -15)]
[(-14721, 344, -7718), (-256, 306, -15)]
[(-14721, 344, -7718), (-256, 306, -15)]
[(-14721, 344, -7718), (-256, 306, -15)]
[(-14721, 344, -7718), (-256, 306, -15)]
[(-14721, 344, -7718), (-256, 306, -15)]
[(-14721, 344, -7718), (-256, 306, -15)]
[(-14752, 385, -7729), (-174, 314, -27)]
[(-14752, 385, -7729), (-174, 314, -27)]
[(-14752, 385, -7729), (-174, 314, -27)]
[(-14752, 385, -7729), (-174, 314, -27)]
[(-14752, 385, -7729), (-174, 314, -27)]
[(-14752, 385, -7729), (-174, 314, -27)]
[(-14772, 411, -7740), (-199, 302, -45)]
[(-14772, 411, -7740), (-199, 302, -45)]
[(-14772, 411, -7740), (-199, 302, -45)]
[(-14757, 437, -7716), (-172, 267, 29)]
[(-14757, 437, -7716), (-172, 267, 29)]
[(-14757, 437, -7716), (-172, 267, 29)]