[(-14730, 1333, -7667), (-77, 401, -18)]
[(-14751, 1324, -7683), (-84, 347, -13)]
[(-14751, 1324, -7683), (-84, 347, -13)]
[(-14751, 1324, -7683), (-84, 347, -13)]
[(-14751, 1324, -7683), (-84, 347, -13)]
[(-14751, 1324, -7683), (-84, 347, -13)]
[(-14755, 1340, -7658), (-108, 328, -16)]
[(-14755, 1340, -7658), (-108, 328, -16)]
[(-14755, 1340, -7658), (-108, 328, -16)]
[(-14755, 1340, -7658), (-108, 328, -16)]
[(-14755, 1340, -7658), (-108, 328, -16)]
[(-14755, 1340, -7658), (-108, 328, -16)]
[(-14755, 1340, -7658), (-108, 328, -16)]
[(-14785, 1360, -7629), (-89, 310, -40)]
[(-14785, 1360, -7629), (-89, 310, -40)]
[(-14785, 1360, -7629), (-89, 310, -40)]
[(-14785, 1360, -7629), (-89, 310, -40)]
[(-14785, 1360, -7629), (-89, 310, -40)]
[(-14785, 1360, -7629), (-89, 310, -40)]
[(-14781, 1347, -7620), (-79, 321, -37)]
[(-14781, 1347, -7620), (-79, 321, -37)]
[(-14781, 1347, -7620), (-79, 321, -37)]
[(-14781, 1347, -7620), (-79, 321, -37)]
[(-14781, 1347, -7620), (-79, 321, -37)]
[(-14781, 1347, -7620), (-79, 321, -37)]
[(-14781, 1347, -7620), (-79, 321, -37)]
[(-14768, 1352, -7641), (-17, 315, -18)]
[(-14768, 1352, -7641), (-17, 315, -18)]
[(-14768, 1352, -7641), (-17, 315, -18)]
[(-14768, 1352, -7641), (-17, 315, -18)]
[(-14768, 1352, -7641), (-17, 315, -18)]
[(-14770, 1316, -7628), (30, 269, -42)]
[(-14770, 1316, -7628), (30, 269, -42)]
[(-14770, 1316, -7628), (30, 269, -42)]
[(-14770, 1316, -7628), (30, 269, -42)]
[(-14770, 1316, -7628), (30, 269, -42)]
[(-14770, 1316, -7628), (30, 269, -42)]
[(-14773, 1347, -7581), (136, 84, -111)]
[(-14773, 1347, -7581), (136, 84, -111)]
[(-14773, 1347, -7581), (136, 84, -111)]
[(-14773, 1347, -7581), (136, 84, -111)]
[(-14773, 1347, -7581), (136, 84, -111)]
[(-14774, 1308, -7600), (-26, 823, -22)]
[(-14774, 1308, -7600), (-26, 823, -22)]
[(-14774, 1308, -7600), (-26, 823, -22)]
[(-14774, 1308, -7600), (-26, 823, -22)]
[(-14774, 1308, -7600), (-26, 823, -22)]
[(-14774, 1308, -7600), (-26, 823, -22)]
[(-14774, 1308, -7600), (-26, 823, -22)]
[(-14774, 1308, -7600), (-26, 823, -22)]
[(-14774, 1308, -7600), (-26, 823, -22)]
[(-14774, 1308, -7600), (-26, 823, -22)]
[(-14774, 1308, -7600), (-26, 823, -22)]
[(-14774, 1308, -7600), (-26, 823, -22)]
[(-14745, 1367, -7631), (-76, 755, -153)]
[(-14713, 1329, -7637), (-49, 694, -158)]
[(-14713, 1329, -7637), (-49, 694, -158)]
[(-14713, 1329, -7637), (-49, 694, -158)]
[(-14713, 1329, -7637), (-49, 694, -158)]
[(-14713, 1329, -7637), (-49, 694, -158)]
[(-14702, 1294, -7615), (-28, 605, -186)]
[(-14702, 1294, -7615), (-28, 605, -186)]
[(-14702, 1294, -7615), (-28, 605, -186)]
[(-14702, 1294, -7615), (-28, 605, -186)]
[(-14702, 1294, -7615), (-28, 605, -186)]
[(-14702, 1294, -7615), (-28, 605, -186)]
[(-14702, 1294, -7615), (-28, 605, -186)]
[(-14702, 1294, -7615), (-28, 605, -186)]
[(-14702, 1294, -7615), (-28, 605, -186)]
[(-14727, 1256, -7636), (-55, 546, -161)]
[(-14727, 1256, -7636), (-55, 546, -161)]
[(-14727, 1256, -7636), (-55, 546, -161)]
[(-14727, 1256, -7636), (-55, 546, -161)]
[(-14742, 1223, -7620), (-45, 508, -110)]
[(-14742, 1223, -7620), (-45, 508, -110)]
[(-14742, 1223, -7620), (-45, 508, -110)]
[(-14742, 1223, -7620), (-45, 508, -110)]
[(-14742, 1223, -7620), (-45, 508, -110)]
[(-14775, 1192, -7643), (-93, 514, 0)]
[(-14775, 1192, -7643), (-93, 514, 0)]
[(-14775, 1192, -7643), (-93, 514, 0)]
[(-14775, 1192, -7643), (-93, 514, 0)]
[(-14775, 1192, -7643), (-93, 514, 0)]
[(-14775, 1192, -7643), (-93, 514, 0)]
[(-14775, 1192, -7643), (-93, 514, 0)]
[(-14768, 1219, -7665), (-278, 638, 134)]
[(-14768, 1219, -7665), (-278, 638, 134)]
[(-14768, 1219, -7665), (-278, 638, 134)]
[(-14768, 1219, -7665), (-278, 638, 134)]
[(-14768, 1219, -7665), (-278, 638, 134)]
[(-14768, 1219, -7665), (-278, 638, 134)]
[(-14738, 1288, -7663), (-248, 550, 96)]
[(-14738, 1288, -7663), (-248, 550, 96)]
[(-14738, 1288, -7663), (-248, 550, 96)]
[(-14738, 1288, -7663), (-248, 550, 96)]
[(-14738, 1288, -7663), (-248, 550, 96)]
[(-14756, 1298, -7631), (-236, 504, 43)]
[(-14756, 1298, -7631), (-236, 504, 43)]
[(-14756, 1298, -7631), (-236, 504, 43)]
[(-14756, 1298, -7631), (-236, 504, 43)]
[(-14756, 1298, -7631), (-236, 504, 43)]
[(-14756, 1298, -7631), (-236, 504, 43)]
[(-14756, 1298, -7631), (-236, 504, 43)]
[(-14765, 1328, -7648), (-161, 487, 34)]
[(-14765, 1328, -7648), (-161, 487, 34)]
[(-14765, 1328, -7648), (-161, 487, 34)]
[(-14765, 1328, -7648), (-161, 487, 34)]
[(-14765, 1328, -7648), (-161, 487, 34)]
[(-14765, 1328, -7648), (-161, 487, 34)]
[(-14748, 1298, -7629), (-159, 470, -19)]
[(-14748, 1298, -7629), (-159, 470, -19)]
[(-14748, 1298, -7629), (-159, 470, -19)]
[(-14748, 1298, -7629), (-159, 470, -19)]
[(-14748, 1298, -7629), (-159, 470, -19)]
[(-14744, 1284, -7637), (-122, 461, -27)]
[(-14744, 1284, -7637), (-122, 461, -27)]
[(-14744, 1284, -7637), (-122, 461, -27)]
[(-14744, 1284, -7637), (-122, 461, -27)]
[(-14744, 1284, -7637), (-122, 461, -27)]
[(-14744, 1284, -7637), (-122, 461, -27)]
[(-14744, 1284, -7637), (-122, 461, -27)]
[(-14752, 1284, -7623), (-86, 397, -25)]
[(-14752, 1284, -7623), (-86, 397, -25)]
[(-14752, 1284, -7623), (-86, 397, -25)]
[(-14752, 1284, -7623), (-86, 397, -25)]
[(-14752, 1284, -7623), (-86, 397, -25)]
[(-14752, 1284, -7623), (-86, 397, -25)]
[(-14760, 1302, -7608), (-106, 383, -35)]
[(-14760, 1302, -7608), (-106, 383, -35)]
[(-14760, 1302, -7608), (-106, 383, -35)]
[(-14760, 1302, -7608), (-106, 383, -35)]
[(-14760, 1302, -7608), (-106, 383, -35)]
[(-14735, 1312, -7612), (-58, 361, -24)]
[(-14735, 1312, -7612), (-58, 361, -24)]
[(-14735, 1312, -7612), (-58, 361, -24)]
[(-14735, 1312, -7612), (-58, 361, -24)]
[(-14735, 1312, -7612), (-58, 361, -24)]
[(-14735, 1312, -7612), (-58, 361, -24)]
[(-14735, 1312, -7612), (-58, 361, -24)]
[(-14740, 1308, -7638), (-26, 379, -14)]
[(-14740, 1308, -7638), (-26, 379, -14)]
[(-14740, 1308, -7638), (-26, 379, -14)]
[(-14740, 1308, -7638), (-26, 379, -14)]
[(-14740, 1308, -7638), (-26, 379, -14)]