[(-14754, 915, -7612), (-112, 337, -8)]
[(-14754, 915, -7612), (-112, 337, -8)]
[(-14759, 919, -7635), (-102, 339, -17)]
[(-14759, 919, -7635), (-102, 339, -17)]
[(-14759, 919, -7635), (-102, 339, -17)]
[(-14759, 919, -7635), (-102, 339, -17)]
[(-14759, 919, -7635), (-102, 339, -17)]
[(-14759, 919, -7635), (-102, 339, -17)]
[(-14759, 919, -7635), (-102, 339, -17)]
[(-14759, 920, -7628), (-111, 361, -15)]
[(-14759, 920, -7628), (-111, 361, -15)]
[(-14759, 920, -7628), (-111, 361, -15)]
[(-14759, 920, -7628), (-111, 361, -15)]
[(-14759, 920, -7628), (-111, 361, -15)]
[(-14759, 920, -7628), (-111, 361, -15)]
[(-14759, 920, -7628), (-111, 361, -15)]
[(-14775, 916, -7657), (-122, 393, -15)]
[(-14775, 916, -7657), (-122, 393, -15)]
[(-14775, 916, -7657), (-122, 393, -15)]
[(-14775, 916, -7657), (-122, 393, -15)]
[(-14768, 921, -7632), (-60, 351, -13)]
[(-14768, 921, -7632), (-60, 351, -13)]
[(-14768, 921, -7632), (-60, 351, -13)]
[(-14768, 921, -7632), (-60, 351, -13)]
[(-14768, 921, -7632), (-60, 351, -13)]
[(-14768, 921, -7632), (-60, 351, -13)]
[(-14768, 921, -7632), (-60, 351, -13)]
[(-14756, 925, -7639), (-4, 293, -53)]
[(-14756, 925, -7639), (-4, 293, -53)]
[(-14756, 925, -7639), (-4, 293, -53)]
[(-14756, 925, -7639), (-4, 293, -53)]
[(-14756, 925, -7639), (-4, 293, -53)]
[(-14682, 900, -7691), (185, 75, 131)]
[(-14682, 900, -7691), (185, 75, 131)]
[(-14682, 900, -7691), (185, 75, 131)]
[(-14682, 900, -7691), (185, 75, 131)]
[(-14682, 900, -7691), (185, 75, 131)]
[(-14682, 900, -7691), (185, 75, 131)]
[(-14735, 874, -7702), (85, 111, 44)]
[(-14735, 874, -7702), (85, 111, 44)]
[(-14735, 874, -7702), (85, 111, 44)]
[(-14735, 874, -7702), (85, 111, 44)]
[(-14735, 874, -7702), (85, 111, 44)]
[(-14735, 874, -7702), (85, 111, 44)]
[(-14735, 874, -7702), (85, 111, 44)]
[(-14722, 864, -7699), (37, 153, 23)]
[(-14722, 864, -7699), (37, 153, 23)]
[(-14722, 864, -7699), (37, 153, 23)]
[(-14722, 864, -7699), (37, 153, 23)]
[(-14722, 864, -7699), (37, 153, 23)]
[(-14750, 842, -7666), (16, 207, -28)]
[(-14750, 842, -7666), (16, 207, -28)]
[(-14750, 842, -7666), (16, 207, -28)]
[(-14750, 842, -7666), (16, 207, -28)]
[(-14750, 842, -7666), (16, 207, -28)]
[(-14750, 842, -7666), (16, 207, -28)]
[(-14764, 815, -7686), (31, 239, -19)]
[(-14764, 815, -7686), (31, 239, -19)]
[(-14764, 815, -7686), (31, 239, -19)]
[(-14764, 815, -7686), (31, 239, -19)]
[(-14764, 815, -7686), (31, 239, -19)]
[(-14764, 815, -7686), (31, 239, -19)]
[(-14764, 815, -7686), (31, 239, -19)]
[(-14764, 815, -7686), (31, 239, -19)]
[(-14764, 815, -7686), (31, 239, -19)]
[(-14784, 754, -7668), (-42, 308, 18)]
[(-14784, 754, -7668), (-42, 308, 18)]
[(-14784, 754, -7668), (-42, 308, 18)]
[(-14720, 820, -7680), (-77, 319, 38)]
[(-14720, 820, -7680), (-77, 319, 38)]
[(-14720, 820, -7680), (-77, 319, 38)]
[(-14720, 820, -7680), (-77, 319, 38)]
[(-14720, 820, -7680), (-77, 319, 38)]
[(-14720, 820, -7680), (-77, 319, 38)]
[(-14744, 764, -7658), (-46, 343, 14)]
[(-14744, 764, -7658), (-46, 343, 14)]
[(-14744, 764, -7658), (-46, 343, 14)]
[(-14744, 764, -7658), (-46, 343, 14)]
[(-14744, 764, -7658), (-46, 343, 14)]
[(-14744, 764, -7658), (-46, 343, 14)]
[(-14744, 764, -7658), (-46, 343, 14)]
[(-14741, 842, -7676), (-138, 401, 25)]
[(-14741, 842, -7676), (-138, 401, 25)]
[(-14741, 842, -7676), (-138, 401, 25)]
[(-14741, 842, -7676), (-138, 401, 25)]
[(-14741, 842, -7676), (-138, 401, 25)]
[(-14755, 835, -7683), (-80, 307, 3)]
[(-14755, 835, -7683), (-80, 307, 3)]
[(-14755, 835, -7683), (-80, 307, 3)]
[(-14755, 835, -7683), (-80, 307, 3)]
[(-14755, 835, -7683), (-80, 307, 3)]
[(-14801, 832, -7696), (-104, 322, -1)]
[(-14801, 832, -7696), (-104, 322, -1)]
[(-14801, 832, -7696), (-104, 322, -1)]
[(-14801, 832, -7696), (-104, 322, -1)]
[(-14801, 832, -7696), (-104, 322, -1)]
[(-14778, 846, -7706), (-144, 315, 21)]
[(-14778, 846, -7706), (-144, 315, 21)]
[(-14778, 846, -7706), (-144, 315, 21)]
[(-14778, 846, -7706), (-144, 315, 21)]
[(-14778, 846, -7706), (-144, 315, 21)]
[(-14778, 846, -7706), (-144, 315, 21)]
[(-14778, 846, -7706), (-144, 315, 21)]
[(-14789, 849, -7720), (-128, 331, 36)]
[(-14789, 849, -7720), (-128, 331, 36)]
[(-14789, 849, -7720), (-128, 331, 36)]
[(-14789, 849, -7720), (-128, 331, 36)]
[(-14789, 849, -7720), (-128, 331, 36)]
[(-14789, 849, -7720), (-128, 331, 36)]
[(-14788, 847, -7724), (-131, 344, 6)]