[(-14749, 837, -7737), (-86, 380, -11)]
[(-14743, 852, -7755), (-120, 373, -20)]
[(-14743, 852, -7755), (-120, 373, -20)]
[(-14743, 852, -7755), (-120, 373, -20)]
[(-14743, 852, -7755), (-120, 373, -20)]
[(-14743, 852, -7755), (-120, 373, -20)]
[(-14743, 852, -7755), (-120, 373, -20)]
[(-14738, 851, -7744), (-105, 351, -28)]
[(-14738, 851, -7744), (-105, 351, -28)]
[(-14738, 851, -7744), (-105, 351, -28)]
[(-14738, 851, -7744), (-105, 351, -28)]
[(-14738, 851, -7744), (-105, 351, -28)]
[(-14742, 858, -7730), (-122, 352, -29)]
[(-14742, 858, -7730), (-122, 352, -29)]
[(-14742, 858, -7730), (-122, 352, -29)]
[(-14742, 858, -7730), (-122, 352, -29)]
[(-14742, 858, -7730), (-122, 352, -29)]
[(-14729, 856, -7756), (-95, 346, -22)]
[(-14729, 856, -7756), (-95, 346, -22)]
[(-14729, 856, -7756), (-95, 346, -22)]
[(-14729, 856, -7756), (-95, 346, -22)]
[(-14729, 856, -7756), (-95, 346, -22)]
[(-14729, 856, -7756), (-95, 346, -22)]
[(-14751, 862, -7778), (-92, 355, -29)]
[(-14751, 862, -7778), (-92, 355, -29)]
[(-14751, 862, -7778), (-92, 355, -29)]
[(-14751, 862, -7778), (-92, 355, -29)]
[(-14751, 862, -7778), (-92, 355, -29)]
[(-14751, 862, -7778), (-92, 355, -29)]
[(-14751, 862, -7778), (-92, 355, -29)]
[(-14750, 859, -7766), (-70, 344, -38)]
[(-14750, 859, -7766), (-70, 344, -38)]
[(-14750, 859, -7766), (-70, 344, -38)]
[(-14750, 859, -7766), (-70, 344, -38)]
[(-14750, 859, -7766), (-70, 344, -38)]
[(-14750, 859, -7766), (-70, 344, -38)]
[(-14750, 859, -7766), (-70, 344, -38)]
[(-14749, 834, -7768), (1, 287, -62)]
[(-14749, 834, -7768), (1, 287, -62)]
[(-14749, 834, -7768), (1, 287, -62)]
[(-14749, 834, -7768), (1, 287, -62)]
[(-14749, 834, -7768), (1, 287, -62)]
[(-14749, 834, -7768), (1, 287, -62)]
[(-14728, 836, -7776), (-10, 634, -55)]
[(-14728, 836, -7776), (-10, 634, -55)]
[(-14728, 836, -7776), (-10, 634, -55)]
[(-14728, 806, -7767), (11, 546, -37)]
[(-14728, 806, -7767), (11, 546, -37)]
[(-14728, 806, -7767), (11, 546, -37)]
[(-14728, 806, -7767), (11, 546, -37)]
[(-14728, 806, -7767), (11, 546, -37)]
[(-14728, 806, -7767), (11, 546, -37)]
[(-14728, 806, -7767), (11, 546, -37)]
[(-14728, 806, -7767), (11, 546, -37)]
[(-14728, 806, -7767), (11, 546, -37)]
[(-14756, 767, -7766), (0, 500, -43)]
[(-14756, 767, -7766), (0, 500, -43)]
[(-14756, 767, -7766), (0, 500, -43)]
[(-14756, 767, -7766), (0, 500, -43)]
[(-14766, 738, -7716), (-21, 472, -54)]
[(-14766, 738, -7716), (-21, 472, -54)]
[(-14766, 738, -7716), (-21, 472, -54)]
[(-14766, 738, -7716), (-21, 472, -54)]
[(-14766, 738, -7716), (-21, 472, -54)]
[(-14750, 704, -7751), (4, 451, -41)]
[(-14750, 704, -7751), (4, 451, -41)]
[(-14750, 704, -7751), (4, 451, -41)]
[(-14750, 704, -7751), (4, 451, -41)]
[(-14750, 704, -7751), (4, 451, -41)]
[(-14750, 704, -7751), (4, 451, -41)]
[(-14750, 704, -7751), (4, 451, -41)]
[(-14756, 680, -7768), (-72, 491, -35)]
[(-14756, 680, -7768), (-72, 491, -35)]
[(-14756, 680, -7768), (-72, 491, -35)]
[(-14756, 680, -7768), (-72, 491, -35)]
[(-14756, 680, -7768), (-72, 491, -35)]
[(-14756, 680, -7768), (-72, 491, -35)]
[(-14729, 688, -7783), (-79, 465, -38)]
[(-14729, 688, -7783), (-79, 465, -38)]
[(-14729, 688, -7783), (-79, 465, -38)]
[(-14729, 688, -7783), (-79, 465, -38)]
[(-14729, 688, -7783), (-79, 465, -38)]
[(-14751, 644, -7781), (-142, 461, -22)]
[(-14751, 644, -7781), (-142, 461, -22)]
[(-14751, 644, -7781), (-142, 461, -22)]
[(-14751, 644, -7781), (-142, 461, -22)]
[(-14751, 644, -7781), (-142, 461, -22)]
[(-14751, 644, -7781), (-142, 461, -22)]
[(-14751, 644, -7781), (-142, 461, -22)]
[(-14760, 650, -7776), (-181, 432, 49)]
[(-14760, 650, -7776), (-181, 432, 49)]
[(-14760, 650, -7776), (-181, 432, 49)]
[(-14760, 650, -7776), (-181, 432, 49)]
[(-14760, 650, -7776), (-181, 432, 49)]
[(-14764, 677, -7728), (-232, 416, 45)]
[(-14764, 677, -7728), (-232, 416, 45)]
[(-14764, 677, -7728), (-232, 416, 45)]
[(-14764, 677, -7728), (-232, 416, 45)]
[(-14764, 677, -7728), (-232, 416, 45)]
[(-14750, 725, -7730), (-226, 424, 34)]
[(-14750, 725, -7730), (-226, 424, 34)]
[(-14750, 725, -7730), (-226, 424, 34)]
[(-14750, 725, -7730), (-226, 424, 34)]
[(-14750, 725, -7730), (-226, 424, 34)]
[(-14750, 725, -7730), (-226, 424, 34)]
[(-14750, 725, -7730), (-226, 424, 34)]
[(-14730, 756, -7709), (-206, 390, 51)]
[(-14730, 756, -7709), (-206, 390, 51)]
[(-14730, 756, -7709), (-206, 390, 51)]
[(-14730, 756, -7709), (-206, 390, 51)]
[(-14730, 756, -7709), (-206, 390, 51)]
[(-14730, 756, -7709), (-206, 390, 51)]
[(-14700, 770, -7717), (-167, 370, 43)]
[(-14700, 770, -7717), (-167, 370, 43)]
[(-14700, 770, -7717), (-167, 370, 43)]