[(-3306, 15164, -6527), (-2, 0, -124)]
[(-3306, 15164, -6527), (-2, 0, -124)]
[(-3348, 15112, -6555), (-2, 0, -126)]
[(-3348, 15112, -6555), (-2, 0, -126)]
[(-3348, 15112, -6555), (-2, 0, -126)]
[(-3348, 15112, -6555), (-2, 0, -126)]
[(-3348, 15112, -6555), (-2, 0, -126)]
[(-3345, 15128, -6548), (-2, 0, -127)]
[(-3345, 15128, -6548), (-2, 0, -127)]
[(-3345, 15128, -6548), (-2, 0, -127)]
[(-3345, 15128, -6548), (-2, 0, -127)]
[(-3345, 15128, -6548), (-2, 0, -127)]
[(-3345, 15128, -6548), (-2, 0, -127)]
[(-3288, 15144, -6545), (-2, 0, -126)]
[(-3288, 15144, -6545), (-2, 0, -126)]
[(-3288, 15144, -6545), (-2, 0, -126)]
[(-3288, 15144, -6545), (-2, 0, -126)]
[(-3288, 15144, -6545), (-2, 0, -126)]
[(-3284, 15140, -6492), (-2, 0, -127)]
[(-3284, 15140, -6492), (-2, 0, -127)]
[(-3284, 15140, -6492), (-2, 0, -127)]
[(-3284, 15140, -6492), (-2, 0, -127)]
[(-3284, 15140, -6492), (-2, 0, -127)]
[(-3284, 15140, -6492), (-2, 0, -127)]
[(-3284, 15140, -6492), (-2, 0, -127)]
[(-3284, 15140, -6492), (-2, 0, -127)]
[(-3284, 15140, -6492), (-2, 0, -127)]
[(-3279, 15094, -6494), (-2, 1, -125)]
[(-3279, 15094, -6494), (-2, 1, -125)]
[(-3279, 15094, -6494), (-2, 1, -125)]
[(-3279, 15094, -6494), (-2, 1, -125)]
[(-3348, 15099, -6527), (-3, 1, -124)]
[(-3348, 15099, -6527), (-3, 1, -124)]
[(-3348, 15099, -6527), (-3, 1, -124)]
[(-3348, 15099, -6527), (-3, 1, -124)]
[(-3348, 15099, -6527), (-3, 1, -124)]
[(-3368, 15085, -6577), (-3, 1, -124)]
[(-3368, 15085, -6577), (-3, 1, -124)]
[(-3368, 15085, -6577), (-3, 1, -124)]
[(-3368, 15085, -6577), (-3, 1, -124)]
[(-3368, 15085, -6577), (-3, 1, -124)]
[(-3368, 15085, -6577), (-3, 1, -124)]
[(-3368, 15085, -6577), (-3, 1, -124)]
[(-3368, 15085, -6577), (-3, 1, -124)]
[(-3333, 15120, -6619), (-3, 1, -124)]
[(-3333, 15120, -6619), (-3, 1, -124)]
[(-3333, 15120, -6619), (-3, 1, -124)]
[(-3333, 15120, -6619), (-3, 1, -124)]
[(-3333, 15120, -6619), (-3, 1, -124)]
[(-3353, 15085, -6684), (-3, 1, -126)]
[(-3353, 15085, -6684), (-3, 1, -126)]
[(-3353, 15085, -6684), (-3, 1, -126)]
[(-3353, 15085, -6684), (-3, 1, -126)]
[(-3353, 15085, -6684), (-3, 1, -126)]
[(-3352, 15065, -6696), (-3, 0, -127)]
[(-3352, 15065, -6696), (-3, 0, -127)]
[(-3352, 15065, -6696), (-3, 0, -127)]
[(-3352, 15065, -6696), (-3, 0, -127)]
[(-3352, 15065, -6696), (-3, 0, -127)]
[(-3352, 15065, -6696), (-3, 0, -127)]
[(-3352, 15065, -6696), (-3, 0, -127)]
[(-3300, 15088, -6688), (-2, 0, -126)]
[(-3300, 15088, -6688), (-2, 0, -126)]
[(-3300, 15088, -6688), (-2, 0, -126)]
[(-3300, 15088, -6688), (-2, 0, -126)]
[(-3300, 15088, -6688), (-2, 0, -126)]
[(-3300, 15088, -6688), (-2, 0, -126)]
[(-3363, 15147, -6556), (-3, 0, -126)]
[(-3363, 15147, -6556), (-3, 0, -126)]
[(-3363, 15147, -6556), (-3, 0, -126)]
[(-3363, 15147, -6556), (-3, 0, -126)]
[(-3363, 15147, -6556), (-3, 0, -126)]
[(-3363, 15147, -6556), (-3, 0, -126)]
[(-3363, 15147, -6556), (-3, 0, -126)]
[(-3468, 15202, -6509), (-3, 0, -125)]
[(-3468, 15202, -6509), (-3, 0, -125)]
[(-3468, 15202, -6509), (-3, 0, -125)]
[(-3468, 15202, -6509), (-3, 0, -125)]
[(-3468, 15202, -6509), (-3, 0, -125)]
[(-3468, 15202, -6509), (-3, 0, -125)]
[(-3521, 15168, -6380), (-3, 0, -125)]
[(-3521, 15168, -6380), (-3, 0, -125)]
[(-3521, 15168, -6380), (-3, 0, -125)]
[(-3521, 15168, -6380), (-3, 0, -125)]
[(-3521, 15168, -6380), (-3, 0, -125)]
[(-3610, 15088, -6416), (-4, 1, -125)]
[(-3610, 15088, -6416), (-4, 1, -125)]
[(-3610, 15088, -6416), (-4, 1, -125)]
[(-3610, 15088, -6416), (-4, 1, -125)]
[(-3610, 15088, -6416), (-4, 1, -125)]
[(-3698, 15040, -6572), (-3, 3, -125)]
[(-3698, 15040, -6572), (-3, 3, -125)]
[(-3698, 15040, -6572), (-3, 3, -125)]
[(-3698, 15040, -6572), (-3, 3, -125)]
[(-3698, 15040, -6572), (-3, 3, -125)]
[(-3698, 15040, -6572), (-3, 3, -125)]
[(-3698, 15040, -6572), (-3, 3, -125)]
[(-3698, 15040, -6572), (-3, 3, -125)]
[(-3953, 14840, -6727), (-4, 3, -124)]
[(-3953, 14840, -6727), (-4, 3, -124)]
[(-3953, 14840, -6727), (-4, 3, -124)]
[(-3953, 14840, -6727), (-4, 3, -124)]
[(-3953, 14840, -6727), (-4, 3, -124)]
[(-4281, 14627, -6696), (23, -95, -125)]
[(-4281, 14627, -6696), (23, -95, -125)]
[(-4281, 14627, -6696), (23, -95, -125)]
[(-4281, 14627, -6696), (23, -95, -125)]
[(-4281, 14627, -6696), (23, -95, -125)]
[(-4643, 14463, -6724), (-8, -90, -105)]
[(-4643, 14463, -6724), (-8, -90, -105)]
[(-4643, 14463, -6724), (-8, -90, -105)]
[(-4643, 14463, -6724), (-8, -90, -105)]
[(-4643, 14463, -6724), (-8, -90, -105)]
[(-4643, 14463, -6724), (-8, -90, -105)]
[(-4643, 14463, -6724), (-8, -90, -105)]
[(-4828, 14502, -6752), (15, -161, -116)]
[(-4828, 14502, -6752), (15, -161, -116)]
[(-4828, 14502, -6752), (15, -161, -116)]
[(-4828, 14502, -6752), (15, -161, -116)]
[(-4828, 14502, -6752), (15, -161, -116)]
[(-4828, 14502, -6752), (15, -161, -116)]
[(-5382, 14344, -6332), (-68, -182, -44)]
[(-5382, 14344, -6332), (-68, -182, -44)]
[(-5382, 14344, -6332), (-68, -182, -44)]
[(-5382, 14344, -6332), (-68, -182, -44)]
[(-5382, 14344, -6332), (-68, -182, -44)]
[(-5516, 14351, -6116), (-107, -198, 4)]
[(-5516, 14351, -6116), (-107, -198, 4)]