[(-13927, 5602, -6743), (-47, 340, 10)]
[(-13948, 5615, -6760), (-70, 342, 30)]
[(-13948, 5615, -6760), (-70, 342, 30)]
[(-13958, 5626, -6768), (-88, 341, 28)]
[(-13958, 5626, -6768), (-88, 341, 28)]
[(-13958, 5626, -6768), (-88, 341, 28)]
[(-13958, 5626, -6768), (-88, 341, 28)]
[(-13958, 5626, -6768), (-88, 341, 28)]
[(-13958, 5626, -6768), (-88, 341, 28)]
[(-13948, 5642, -6764), (-52, 355, 5)]
[(-13948, 5642, -6764), (-52, 355, 5)]
[(-13948, 5642, -6764), (-52, 355, 5)]
[(-13948, 5642, -6764), (-52, 355, 5)]
[(-13948, 5642, -6764), (-52, 355, 5)]
[(-13948, 5642, -6764), (-52, 355, 5)]
[(-13948, 5642, -6764), (-52, 355, 5)]
[(-13956, 5634, -6783), (-56, 348, 7)]
[(-13956, 5634, -6783), (-56, 348, 7)]
[(-13956, 5634, -6783), (-56, 348, 7)]
[(-13956, 5634, -6783), (-56, 348, 7)]
[(-13956, 5634, -6783), (-56, 348, 7)]
[(-13949, 5650, -6764), (-272, 192, 16)]
[(-13949, 5650, -6764), (-272, 192, 16)]
[(-13949, 5650, -6764), (-272, 192, 16)]
[(-13949, 5650, -6764), (-272, 192, 16)]
[(-13949, 5650, -6764), (-272, 192, 16)]
[(-13949, 5650, -6764), (-272, 192, 16)]
[(-13949, 5650, -6764), (-272, 192, 16)]
[(-13963, 5646, -6733), (-291, 210, -13)]
[(-13963, 5646, -6733), (-291, 210, -13)]
[(-13963, 5646, -6733), (-291, 210, -13)]
[(-13963, 5646, -6733), (-291, 210, -13)]
[(-13963, 5646, -6733), (-291, 210, -13)]
[(-13963, 5646, -6733), (-291, 210, -13)]
[(-14010, 5639, -6700), (-60, 367, 9)]
[(-14010, 5639, -6700), (-60, 367, 9)]
[(-14010, 5639, -6700), (-60, 367, 9)]
[(-14010, 5639, -6700), (-60, 367, 9)]
[(-14010, 5639, -6700), (-60, 367, 9)]
[(-14076, 5495, -6684), (-57, 344, 159)]
[(-14076, 5495, -6684), (-57, 344, 159)]
[(-14076, 5495, -6684), (-57, 344, 159)]
[(-14076, 5495, -6684), (-57, 344, 159)]
[(-14076, 5495, -6684), (-57, 344, 159)]
[(-14076, 5495, -6684), (-57, 344, 159)]
[(-14042, 5554, -6710), (-105, 365, 100)]
[(-14042, 5554, -6710), (-105, 365, 100)]
[(-14042, 5554, -6710), (-105, 365, 100)]
[(-14042, 5554, -6710), (-105, 365, 100)]
[(-14042, 5554, -6710), (-105, 365, 100)]
[(-14017, 5582, -6746), (-124, 351, 84)]
[(-14017, 5582, -6746), (-124, 351, 84)]
[(-14017, 5582, -6746), (-124, 351, 84)]
[(-14017, 5582, -6746), (-124, 351, 84)]
[(-14017, 5582, -6746), (-124, 351, 84)]
[(-14017, 5582, -6746), (-124, 351, 84)]
[(-14017, 5582, -6746), (-124, 351, 84)]
[(-13974, 5590, -6725), (-211, 333, 68)]
[(-13974, 5590, -6725), (-211, 333, 68)]
[(-13974, 5590, -6725), (-211, 333, 68)]
[(-13974, 5590, -6725), (-211, 333, 68)]
[(-13974, 5590, -6725), (-211, 333, 68)]
[(-13974, 5590, -6725), (-211, 333, 68)]
[(-13976, 5609, -6721), (-257, 225, 93)]
[(-13976, 5609, -6721), (-257, 225, 93)]
[(-13976, 5609, -6721), (-257, 225, 93)]
[(-13976, 5609, -6721), (-257, 225, 93)]
[(-13976, 5609, -6721), (-257, 225, 93)]
[(-13972, 5631, -6706), (-111, 282, 75)]
[(-13972, 5631, -6706), (-111, 282, 75)]
[(-13972, 5631, -6706), (-111, 282, 75)]
[(-13972, 5631, -6706), (-111, 282, 75)]
[(-13972, 5631, -6706), (-111, 282, 75)]
[(-13972, 5631, -6706), (-111, 282, 75)]
[(-13972, 5631, -6706), (-111, 282, 75)]
[(-13960, 5664, -6716), (-71, 240, 67)]
[(-13960, 5664, -6716), (-71, 240, 67)]
[(-13960, 5664, -6716), (-71, 240, 67)]
[(-13960, 5664, -6716), (-71, 240, 67)]
[(-13960, 5664, -6716), (-71, 240, 67)]
[(-13960, 5664, -6716), (-71, 240, 67)]
[(-13959, 5676, -6714), (-44, 215, 74)]
[(-13959, 5676, -6714), (-44, 215, 74)]
[(-13959, 5676, -6714), (-44, 215, 74)]
[(-13959, 5676, -6714), (-44, 215, 74)]
[(-13959, 5676, -6714), (-44, 215, 74)]
[(-13908, 5683, -6717), (-46, 258, 49)]
[(-13908, 5683, -6717), (-46, 258, 49)]
[(-13908, 5683, -6717), (-46, 258, 49)]
[(-13908, 5683, -6717), (-46, 258, 49)]
[(-13908, 5683, -6717), (-46, 258, 49)]
[(-13908, 5683, -6717), (-46, 258, 49)]
[(-13908, 5683, -6717), (-46, 258, 49)]
[(-13891, 5663, -6727), (-75, 295, 38)]
[(-13891, 5663, -6727), (-75, 295, 38)]
[(-13891, 5663, -6727), (-75, 295, 38)]
[(-13891, 5663, -6727), (-75, 295, 38)]
[(-13891, 5663, -6727), (-75, 295, 38)]
[(-13891, 5663, -6727), (-75, 295, 38)]
[(-13895, 5687, -6736), (-76, 291, 58)]
[(-13895, 5687, -6736), (-76, 291, 58)]
[(-13895, 5687, -6736), (-76, 291, 58)]
[(-13895, 5687, -6736), (-76, 291, 58)]
[(-13895, 5687, -6736), (-76, 291, 58)]
[(-13916, 5652, -6760), (-72, 300, 54)]
[(-13916, 5652, -6760), (-72, 300, 54)]
[(-13916, 5652, -6760), (-72, 300, 54)]
[(-13916, 5652, -6760), (-72, 300, 54)]
[(-13916, 5652, -6760), (-72, 300, 54)]
[(-13916, 5652, -6760), (-72, 300, 54)]
[(-13916, 5652, -6760), (-72, 300, 54)]
[(-13890, 5664, -6772), (-96, 322, 43)]
[(-13890, 5664, -6772), (-96, 322, 43)]
[(-13890, 5664, -6772), (-96, 322, 43)]
[(-13890, 5664, -6772), (-96, 322, 43)]
[(-13890, 5664, -6772), (-96, 322, 43)]
[(-13890, 5664, -6772), (-96, 322, 43)]
[(-13894, 5700, -6776), (-142, 322, -8)]
[(-13894, 5700, -6776), (-142, 322, -8)]
[(-13894, 5700, -6776), (-142, 322, -8)]
[(-13894, 5700, -6776), (-142, 322, -8)]
[(-13894, 5700, -6776), (-142, 322, -8)]