[(-15686, 2394, -3072), (-81, 164, 127)]
[(-15697, 2381, -3057), (-100, 197, 129)]
[(-15697, 2381, -3057), (-100, 197, 129)]
[(-15697, 2381, -3057), (-100, 197, 129)]
[(-15697, 2381, -3057), (-100, 197, 129)]
[(-15697, 2381, -3057), (-100, 197, 129)]
[(-15677, 2417, -3083), (-119, 217, 113)]
[(-15677, 2417, -3083), (-119, 217, 113)]
[(-15677, 2417, -3083), (-119, 217, 113)]
[(-15677, 2417, -3083), (-119, 217, 113)]
[(-15677, 2417, -3083), (-119, 217, 113)]
[(-15677, 2417, -3083), (-119, 217, 113)]
[(-15677, 2417, -3083), (-119, 217, 113)]
[(-15689, 2424, -3102), (-104, 196, 51)]
[(-15689, 2424, -3102), (-104, 196, 51)]
[(-15689, 2424, -3102), (-104, 196, 51)]
[(-15689, 2424, -3102), (-104, 196, 51)]
[(-15689, 2424, -3102), (-104, 196, 51)]
[(-15689, 2424, -3102), (-104, 196, 51)]
[(-15696, 2436, -3112), (-54, 162, 15)]
[(-15696, 2436, -3112), (-54, 162, 15)]
[(-15696, 2436, -3112), (-54, 162, 15)]
[(-15696, 2436, -3112), (-54, 162, 15)]
[(-15696, 2436, -3112), (-54, 162, 15)]
[(-15697, 2428, -3092), (-98, 156, 11)]
[(-15697, 2428, -3092), (-98, 156, 11)]
[(-15697, 2428, -3092), (-98, 156, 11)]
[(-15697, 2428, -3092), (-98, 156, 11)]
[(-15697, 2428, -3092), (-98, 156, 11)]
[(-15676, 2401, -3113), (-156, 168, 31)]
[(-15676, 2401, -3113), (-156, 168, 31)]
[(-15676, 2401, -3113), (-156, 168, 31)]
[(-15676, 2401, -3113), (-156, 168, 31)]
[(-15676, 2401, -3113), (-156, 168, 31)]
[(-15676, 2401, -3113), (-156, 168, 31)]
[(-15676, 2401, -3113), (-156, 168, 31)]
[(-15676, 2401, -3113), (-156, 168, 31)]
[(-15670, 2400, -3128), (-174, 191, 10)]
[(-15670, 2400, -3128), (-174, 191, 10)]
[(-15670, 2400, -3128), (-174, 191, 10)]
[(-15670, 2400, -3128), (-174, 191, 10)]
[(-15670, 2400, -3128), (-174, 191, 10)]
[(-15662, 2401, -3120), (-167, 213, -12)]
[(-15662, 2401, -3120), (-167, 213, -12)]
[(-15662, 2401, -3120), (-167, 213, -12)]
[(-15662, 2401, -3120), (-167, 213, -12)]
[(-15662, 2401, -3120), (-167, 213, -12)]
[(-15662, 2401, -3120), (-167, 213, -12)]
[(-15664, 2384, -3120), (-146, 199, -17)]
[(-15664, 2384, -3120), (-146, 199, -17)]
[(-15664, 2384, -3120), (-146, 199, -17)]
[(-15664, 2384, -3120), (-146, 199, -17)]
[(-15664, 2384, -3120), (-146, 199, -17)]
[(-15664, 2384, -3120), (-146, 199, -17)]
[(-15664, 2384, -3120), (-146, 199, -17)]
[(-15663, 2448, -3058), (-159, 190, -7)]
[(-15663, 2448, -3058), (-159, 190, -7)]
[(-15663, 2448, -3058), (-159, 190, -7)]
[(-15663, 2448, -3058), (-159, 190, -7)]
[(-15663, 2448, -3058), (-159, 190, -7)]
[(-15692, 2443, -3091), (-116, 164, 31)]
[(-15692, 2443, -3091), (-116, 164, 31)]
[(-15692, 2443, -3091), (-116, 164, 31)]
[(-15692, 2443, -3091), (-116, 164, 31)]
[(-15692, 2443, -3091), (-116, 164, 31)]
[(-15688, 2443, -3033), (-154, 160, 34)]
[(-15688, 2443, -3033), (-154, 160, 34)]
[(-15688, 2443, -3033), (-154, 160, 34)]
[(-15688, 2443, -3033), (-154, 160, 34)]
[(-15688, 2443, -3033), (-154, 160, 34)]
[(-15688, 2443, -3033), (-154, 160, 34)]
[(-15688, 2443, -3033), (-154, 160, 34)]
[(-15688, 2443, -3033), (-154, 160, 34)]
[(-15683, 2487, -3009), (-169, 154, 23)]
[(-15683, 2487, -3009), (-169, 154, 23)]
[(-15683, 2487, -3009), (-169, 154, 23)]
[(-15683, 2487, -3009), (-169, 154, 23)]
[(-15683, 2487, -3009), (-169, 154, 23)]
[(-15698, 2473, -2996), (-120, 162, -9)]
[(-15698, 2473, -2996), (-120, 162, -9)]
[(-15698, 2473, -2996), (-120, 162, -9)]
[(-15698, 2473, -2996), (-120, 162, -9)]
[(-15698, 2473, -2996), (-120, 162, -9)]
[(-15700, 2468, -3020), (-116, 174, -13)]
[(-15700, 2468, -3020), (-116, 174, -13)]
[(-15700, 2468, -3020), (-116, 174, -13)]
[(-15700, 2468, -3020), (-116, 174, -13)]
[(-15700, 2468, -3020), (-116, 174, -13)]
[(-15700, 2468, -3020), (-116, 174, -13)]
[(-15700, 2468, -3020), (-116, 174, -13)]
[(-15700, 2468, -3020), (-116, 174, -13)]
[(-15695, 2478, -3039), (-129, 166, 24)]
[(-15695, 2478, -3039), (-129, 166, 24)]
[(-15695, 2478, -3039), (-129, 166, 24)]
[(-15695, 2478, -3039), (-129, 166, 24)]
[(-15695, 2478, -3039), (-129, 166, 24)]
[(-15691, 2483, -3032), (-165, 169, 63)]
[(-15691, 2483, -3032), (-165, 169, 63)]
[(-15691, 2483, -3032), (-165, 169, 63)]
[(-15691, 2483, -3032), (-165, 169, 63)]
[(-15691, 2483, -3032), (-165, 169, 63)]
[(-15660, 2442, -3041), (-143, 126, 70)]
[(-15660, 2442, -3041), (-143, 126, 70)]
[(-15660, 2442, -3041), (-143, 126, 70)]
[(-15660, 2442, -3041), (-143, 126, 70)]
[(-15660, 2442, -3041), (-143, 126, 70)]
[(-15660, 2442, -3041), (-143, 126, 70)]
[(-15660, 2442, -3041), (-143, 126, 70)]
[(-15660, 2442, -3041), (-143, 126, 70)]
[(-15673, 2454, -3004), (-155, 120, 39)]
[(-15673, 2454, -3004), (-155, 120, 39)]
[(-15673, 2454, -3004), (-155, 120, 39)]
[(-15673, 2454, -3004), (-155, 120, 39)]
[(-15673, 2454, -3004), (-155, 120, 39)]
[(-15674, 2427, -2969), (-134, 141, 55)]
[(-15674, 2427, -2969), (-134, 141, 55)]
[(-15674, 2427, -2969), (-134, 141, 55)]
[(-15674, 2427, -2969), (-134, 141, 55)]
[(-15674, 2427, -2969), (-134, 141, 55)]
[(-15664, 2434, -2952), (-137, 142, 65)]
[(-15664, 2434, -2952), (-137, 142, 65)]
[(-15664, 2434, -2952), (-137, 142, 65)]
[(-15664, 2434, -2952), (-137, 142, 65)]
[(-15664, 2434, -2952), (-137, 142, 65)]
[(-15664, 2434, -2952), (-137, 142, 65)]
[(-15664, 2434, -2952), (-137, 142, 65)]
[(-15664, 2434, -2952), (-137, 142, 65)]
[(-15663, 2454, -2934), (-123, 184, 61)]
[(-15663, 2454, -2934), (-123, 184, 61)]
[(-15663, 2454, -2934), (-123, 184, 61)]
[(-15663, 2454, -2934), (-123, 184, 61)]
[(-15663, 2454, -2934), (-123, 184, 61)]
[(-15686, 2455, -2955), (-100, 214, 40)]
[(-15686, 2455, -2955), (-100, 214, 40)]
[(-15686, 2455, -2955), (-100, 214, 40)]
[(-15686, 2455, -2955), (-100, 214, 40)]
[(-15686, 2455, -2955), (-100, 214, 40)]
[(-15652, 2447, -2992), (-124, 202, 9)]
[(-15652, 2447, -2992), (-124, 202, 9)]
[(-15652, 2447, -2992), (-124, 202, 9)]
[(-15652, 2447, -2992), (-124, 202, 9)]
[(-15652, 2447, -2992), (-124, 202, 9)]
[(-15652, 2447, -2992), (-124, 202, 9)]
[(-15652, 2447, -2992), (-124, 202, 9)]
[(-15652, 2447, -2992), (-124, 202, 9)]
[(-15671, 2456, -3034), (-107, 182, 17)]
[(-15671, 2456, -3034), (-107, 182, 17)]
[(-15671, 2456, -3034), (-107, 182, 17)]
[(-15671, 2456, -3034), (-107, 182, 17)]
[(-15671, 2456, -3034), (-107, 182, 17)]
[(-15665, 2408, -3031), (-35, 106, 52)]
[(-15665, 2408, -3031), (-35, 106, 52)]
[(-15665, 2408, -3031), (-35, 106, 52)]
[(-15665, 2408, -3031), (-35, 106, 52)]
[(-15665, 2408, -3031), (-35, 106, 52)]
[(-15640, 2413, -3044), (-81, 84, 49)]
[(-15640, 2413, -3044), (-81, 84, 49)]
[(-15640, 2413, -3044), (-81, 84, 49)]
[(-15640, 2413, -3044), (-81, 84, 49)]
[(-15640, 2413, -3044), (-81, 84, 49)]
[(-15640, 2413, -3044), (-81, 84, 49)]
[(-15640, 2413, -3044), (-81, 84, 49)]
[(-15640, 2413, -3044), (-81, 84, 49)]
[(-15647, 2384, -3027), (-125, 115, 43)]
[(-15647, 2384, -3027), (-125, 115, 43)]
[(-15647, 2384, -3027), (-125, 115, 43)]
[(-15647, 2384, -3027), (-125, 115, 43)]
[(-15647, 2384, -3027), (-125, 115, 43)]
[(-15676, 2391, -2992), (-121, 155, 24)]
[(-15676, 2391, -2992), (-121, 155, 24)]
[(-15676, 2391, -2992), (-121, 155, 24)]
[(-15676, 2391, -2992), (-121, 155, 24)]
[(-15689, 2388, -2980), (-110, 200, 7)]
[(-15689, 2388, -2980), (-110, 200, 7)]
[(-15689, 2388, -2980), (-110, 200, 7)]
[(-15689, 2388, -2980), (-110, 200, 7)]
[(-15689, 2388, -2980), (-110, 200, 7)]
[(-15689, 2388, -2980), (-110, 200, 7)]
[(-15688, 2376, -3008), (-106, 208, 15)]
[(-15688, 2376, -3008), (-106, 208, 15)]
[(-15688, 2376, -3008), (-106, 208, 15)]
[(-15688, 2376, -3008), (-106, 208, 15)]
[(-15688, 2376, -3008), (-106, 208, 15)]
[(-15688, 2376, -3008), (-106, 208, 15)]
[(-15688, 2376, -3008), (-106, 208, 15)]
[(-15697, 2364, -2988), (-148, 195, 42)]
[(-15697, 2364, -2988), (-148, 195, 42)]
[(-15697, 2364, -2988), (-148, 195, 42)]
[(-15697, 2364, -2988), (-148, 195, 42)]
[(-15697, 2364, -2988), (-148, 195, 42)]
[(-15668, 2380, -2978), (-152, 214, 39)]
[(-15668, 2380, -2978), (-152, 214, 39)]
[(-15668, 2380, -2978), (-152, 214, 39)]
[(-15668, 2380, -2978), (-152, 214, 39)]
[(-15668, 2380, -2978), (-152, 214, 39)]