[(-15671, 2419, -2926), (-81, 125, 62)]
[(-15653, 2436, -2948), (-67, 126, 12)]
[(-15653, 2436, -2948), (-67, 126, 12)]
[(-15653, 2436, -2948), (-67, 126, 12)]
[(-15653, 2436, -2948), (-67, 126, 12)]
[(-15672, 2426, -2928), (-126, 263, -1)]
[(-15672, 2426, -2928), (-126, 263, -1)]
[(-15672, 2426, -2928), (-126, 263, -1)]
[(-15672, 2426, -2928), (-126, 263, -1)]
[(-15672, 2426, -2928), (-126, 263, -1)]
[(-15672, 2426, -2928), (-126, 263, -1)]
[(-15673, 2434, -2940), (-183, 356, 7)]
[(-15673, 2434, -2940), (-183, 356, 7)]
[(-15673, 2434, -2940), (-183, 356, 7)]
[(-15673, 2434, -2940), (-183, 356, 7)]
[(-15673, 2434, -2940), (-183, 356, 7)]
[(-15673, 2434, -2940), (-183, 356, 7)]
[(-15673, 2434, -2940), (-183, 356, 7)]
[(-15697, 2446, -2950), (-182, 311, 20)]
[(-15697, 2446, -2950), (-182, 311, 20)]
[(-15697, 2446, -2950), (-182, 311, 20)]
[(-15697, 2446, -2950), (-182, 311, 20)]
[(-15697, 2446, -2950), (-182, 311, 20)]
[(-15696, 2473, -2933), (-93, 134, 19)]
[(-15696, 2473, -2933), (-93, 134, 19)]
[(-15696, 2473, -2933), (-93, 134, 19)]
[(-15696, 2473, -2933), (-93, 134, 19)]
[(-15696, 2473, -2933), (-93, 134, 19)]
[(-15696, 2473, -2933), (-93, 134, 19)]
[(-15690, 2473, -2904), (-89, 79, 2)]
[(-15690, 2473, -2904), (-89, 79, 2)]
[(-15690, 2473, -2904), (-89, 79, 2)]
[(-15690, 2473, -2904), (-89, 79, 2)]
[(-15690, 2473, -2904), (-89, 79, 2)]
[(-15690, 2473, -2904), (-89, 79, 2)]
[(-15690, 2473, -2904), (-89, 79, 2)]
[(-15684, 2522, -2881), (-124, 154, -1)]
[(-15684, 2522, -2881), (-124, 154, -1)]
[(-15684, 2522, -2881), (-124, 154, -1)]
[(-15684, 2522, -2881), (-124, 154, -1)]
[(-15684, 2522, -2881), (-124, 154, -1)]
[(-15684, 2522, -2881), (-124, 154, -1)]
[(-15684, 2496, -2873), (-158, 262, 2)]
[(-15684, 2496, -2873), (-158, 262, 2)]
[(-15684, 2496, -2873), (-158, 262, 2)]
[(-15684, 2496, -2873), (-158, 262, 2)]
[(-15684, 2496, -2873), (-158, 262, 2)]
[(-15700, 2486, -2857), (-175, 310, 41)]
[(-15700, 2486, -2857), (-175, 310, 41)]
[(-15700, 2486, -2857), (-175, 310, 41)]
[(-15700, 2486, -2857), (-175, 310, 41)]
[(-15700, 2486, -2857), (-175, 310, 41)]
[(-15700, 2486, -2857), (-175, 310, 41)]
[(-15700, 2486, -2857), (-175, 310, 41)]
[(-15684, 2492, -2870), (-167, 239, 47)]
[(-15684, 2492, -2870), (-167, 239, 47)]
[(-15684, 2492, -2870), (-167, 239, 47)]
[(-15684, 2492, -2870), (-167, 239, 47)]
[(-15684, 2492, -2870), (-167, 239, 47)]
[(-15684, 2492, -2870), (-167, 239, 47)]
[(-15693, 2451, -2857), (-207, 157, -13)]
[(-15693, 2451, -2857), (-207, 157, -13)]
[(-15693, 2451, -2857), (-207, 157, -13)]
[(-15693, 2451, -2857), (-207, 157, -13)]
[(-15693, 2451, -2857), (-207, 157, -13)]
[(-15695, 2466, -2803), (-197, 118, 43)]
[(-15695, 2466, -2803), (-197, 118, 43)]
[(-15695, 2466, -2803), (-197, 118, 43)]
[(-15695, 2466, -2803), (-197, 118, 43)]
[(-15695, 2466, -2803), (-197, 118, 43)]
[(-15695, 2466, -2803), (-197, 118, 43)]
[(-15695, 2466, -2803), (-197, 118, 43)]
[(-15681, 2478, -2813), (-199, 172, 60)]
[(-15681, 2478, -2813), (-199, 172, 60)]
[(-15681, 2478, -2813), (-199, 172, 60)]
[(-15681, 2478, -2813), (-199, 172, 60)]
[(-15681, 2478, -2813), (-199, 172, 60)]
[(-15681, 2478, -2813), (-199, 172, 60)]
[(-15669, 2471, -2825), (-226, 237, 56)]
[(-15669, 2471, -2825), (-226, 237, 56)]
[(-15669, 2471, -2825), (-226, 237, 56)]
[(-15669, 2471, -2825), (-226, 237, 56)]
[(-15669, 2471, -2825), (-226, 237, 56)]
[(-15677, 2491, -2845), (-192, 248, 31)]
[(-15677, 2491, -2845), (-192, 248, 31)]
[(-15677, 2491, -2845), (-192, 248, 31)]
[(-15677, 2491, -2845), (-192, 248, 31)]
[(-15677, 2491, -2845), (-192, 248, 31)]
[(-15677, 2491, -2845), (-192, 248, 31)]
[(-15677, 2491, -2845), (-192, 248, 31)]
[(-15704, 2472, -2868), (-126, 223, 9)]
[(-15704, 2472, -2868), (-126, 223, 9)]
[(-15704, 2472, -2868), (-126, 223, 9)]
[(-15704, 2472, -2868), (-126, 223, 9)]
[(-15704, 2472, -2868), (-126, 223, 9)]
[(-15704, 2472, -2868), (-126, 223, 9)]
[(-15677, 2472, -2908), (-83, 200, -7)]
[(-15677, 2472, -2908), (-83, 200, -7)]
[(-15677, 2472, -2908), (-83, 200, -7)]
[(-15677, 2472, -2908), (-83, 200, -7)]
[(-15677, 2472, -2908), (-83, 200, -7)]
[(-15677, 2442, -2915), (-93, 219, -16)]
[(-15677, 2442, -2915), (-93, 219, -16)]
[(-15677, 2442, -2915), (-93, 219, -16)]
[(-15677, 2442, -2915), (-93, 219, -16)]
[(-15677, 2442, -2915), (-93, 219, -16)]
[(-15679, 2472, -2931), (-128, 282, -23)]
[(-15679, 2472, -2931), (-128, 282, -23)]
[(-15679, 2472, -2931), (-128, 282, -23)]
[(-15679, 2472, -2931), (-128, 282, -23)]
[(-15679, 2472, -2931), (-128, 282, -23)]
[(-15679, 2472, -2931), (-128, 282, -23)]
[(-15679, 2472, -2931), (-128, 282, -23)]
[(-15712, 2478, -2955), (-96, 265, -19)]
[(-15712, 2478, -2955), (-96, 265, -19)]
[(-15712, 2478, -2955), (-96, 265, -19)]
[(-15712, 2478, -2955), (-96, 265, -19)]
[(-15712, 2478, -2955), (-96, 265, -19)]
[(-15712, 2478, -2955), (-96, 265, -19)]
[(-15696, 2470, -2961), (-118, 220, -16)]
[(-15696, 2470, -2961), (-118, 220, -16)]
[(-15696, 2470, -2961), (-118, 220, -16)]
[(-15696, 2470, -2961), (-118, 220, -16)]
[(-15696, 2470, -2961), (-118, 220, -16)]
[(-15675, 2452, -2947), (-89, 147, 4)]
[(-15675, 2452, -2947), (-89, 147, 4)]
[(-15675, 2452, -2947), (-89, 147, 4)]
[(-15675, 2452, -2947), (-89, 147, 4)]
[(-15675, 2452, -2947), (-89, 147, 4)]
[(-15675, 2452, -2947), (-89, 147, 4)]
[(-15675, 2452, -2947), (-89, 147, 4)]
[(-15675, 2452, -2947), (-89, 147, 4)]
[(-15692, 2456, -2924), (-92, 162, 12)]
[(-15692, 2456, -2924), (-92, 162, 12)]
[(-15692, 2456, -2924), (-92, 162, 12)]
[(-15692, 2456, -2924), (-92, 162, 12)]
[(-15692, 2456, -2924), (-92, 162, 12)]
[(-15698, 2452, -2928), (-109, 237, 28)]
[(-15698, 2452, -2928), (-109, 237, 28)]
[(-15698, 2452, -2928), (-109, 237, 28)]
[(-15698, 2452, -2928), (-109, 237, 28)]
[(-15698, 2452, -2928), (-109, 237, 28)]
[(-15707, 2469, -2959), (-130, 271, 48)]
[(-15707, 2469, -2959), (-130, 271, 48)]
[(-15707, 2469, -2959), (-130, 271, 48)]
[(-15707, 2469, -2959), (-130, 271, 48)]
[(-15707, 2469, -2959), (-130, 271, 48)]
[(-15707, 2469, -2959), (-130, 271, 48)]
[(-15707, 2469, -2959), (-130, 271, 48)]
[(-15707, 2469, -2959), (-130, 271, 48)]
[(-15695, 2469, -2986), (-160, 249, 70)]
[(-15695, 2469, -2986), (-160, 249, 70)]
[(-15695, 2469, -2986), (-160, 249, 70)]
[(-15695, 2469, -2986), (-160, 249, 70)]
[(-15695, 2469, -2986), (-160, 249, 70)]
[(-15683, 2441, -3025), (-125, 135, 103)]
[(-15683, 2441, -3025), (-125, 135, 103)]
[(-15683, 2441, -3025), (-125, 135, 103)]
[(-15683, 2441, -3025), (-125, 135, 103)]
[(-15683, 2441, -3025), (-125, 135, 103)]
[(-15683, 2441, -3025), (-125, 135, 103)]
[(-15683, 2441, -3025), (-125, 135, 103)]
[(-15683, 2441, -3025), (-125, 135, 103)]
[(-15673, 2451, -3041), (-117, 99, 87)]
[(-15673, 2451, -3041), (-117, 99, 87)]
[(-15673, 2451, -3041), (-117, 99, 87)]
[(-15672, 2456, -3057), (-174, 158, 54)]
[(-15672, 2456, -3057), (-174, 158, 54)]
[(-15672, 2456, -3057), (-174, 158, 54)]
[(-15672, 2456, -3057), (-174, 158, 54)]
[(-15672, 2456, -3057), (-174, 158, 54)]
[(-15672, 2456, -3057), (-174, 158, 54)]
[(-15692, 2473, -3034), (-167, 201, 63)]
[(-15692, 2473, -3034), (-167, 201, 63)]
[(-15692, 2473, -3034), (-167, 201, 63)]
[(-15692, 2473, -3034), (-167, 201, 63)]
[(-15692, 2473, -3034), (-167, 201, 63)]
[(-15695, 2479, -2976), (-129, 229, 70)]
[(-15695, 2479, -2976), (-129, 229, 70)]
[(-15695, 2479, -2976), (-129, 229, 70)]
[(-15695, 2479, -2976), (-129, 229, 70)]
[(-15695, 2479, -2976), (-129, 229, 70)]
[(-15695, 2479, -2976), (-129, 229, 70)]