[(-15605, 2491, -3275), (-117, 180, -44)]
[(-15609, 2514, -3261), (-111, 195, -68)]
[(-15600, 2514, -3283), (-103, 195, -58)]
[(-15600, 2514, -3283), (-103, 195, -58)]
[(-15600, 2514, -3283), (-103, 195, -58)]
[(-15600, 2514, -3283), (-103, 195, -58)]
[(-15600, 2514, -3283), (-103, 195, -58)]
[(-15600, 2514, -3283), (-103, 195, -58)]
[(-15600, 2514, -3283), (-103, 195, -58)]
[(-15600, 2514, -3283), (-103, 195, -58)]
[(-15607, 2535, -3282), (-105, 171, -49)]
[(-15607, 2535, -3282), (-105, 171, -49)]
[(-15607, 2535, -3282), (-105, 171, -49)]
[(-15607, 2535, -3282), (-105, 171, -49)]
[(-15607, 2535, -3282), (-105, 171, -49)]
[(-15597, 2547, -3284), (-108, 180, -67)]
[(-15597, 2547, -3284), (-108, 180, -67)]
[(-15597, 2547, -3284), (-108, 180, -67)]
[(-15597, 2547, -3284), (-108, 180, -67)]
[(-15597, 2547, -3284), (-108, 180, -67)]
[(-15600, 2559, -3240), (-105, 169, -81)]
[(-15600, 2559, -3240), (-105, 169, -81)]
[(-15600, 2559, -3240), (-105, 169, -81)]
[(-15600, 2559, -3240), (-105, 169, -81)]
[(-15600, 2559, -3240), (-105, 169, -81)]
[(-15600, 2559, -3240), (-105, 169, -81)]
[(-15600, 2559, -3240), (-105, 169, -81)]
[(-15600, 2559, -3240), (-105, 169, -81)]
[(-15620, 2540, -3256), (-95, 153, -65)]
[(-15620, 2540, -3256), (-95, 153, -65)]
[(-15620, 2540, -3256), (-95, 153, -65)]
[(-15620, 2540, -3256), (-95, 153, -65)]
[(-15620, 2540, -3256), (-95, 153, -65)]
[(-15648, 2523, -3244), (-136, 156, -19)]
[(-15648, 2523, -3244), (-136, 156, -19)]
[(-15648, 2523, -3244), (-136, 156, -19)]
[(-15648, 2523, -3244), (-136, 156, -19)]
[(-15648, 2523, -3244), (-136, 156, -19)]
[(-15649, 2549, -3243), (-116, 161, 12)]
[(-15649, 2549, -3243), (-116, 161, 12)]
[(-15649, 2549, -3243), (-116, 161, 12)]
[(-15649, 2549, -3243), (-116, 161, 12)]
[(-15649, 2549, -3243), (-116, 161, 12)]
[(-15649, 2549, -3243), (-116, 161, 12)]
[(-15649, 2549, -3243), (-116, 161, 12)]
[(-15649, 2549, -3243), (-116, 161, 12)]
[(-15652, 2560, -3242), (-116, 201, 6)]
[(-15652, 2560, -3242), (-116, 201, 6)]
[(-15652, 2560, -3242), (-116, 201, 6)]
[(-15652, 2560, -3242), (-116, 201, 6)]
[(-15652, 2560, -3242), (-116, 201, 6)]
[(-15670, 2568, -3257), (-112, 216, 3)]
[(-15670, 2568, -3257), (-112, 216, 3)]
[(-15670, 2568, -3257), (-112, 216, 3)]
[(-15670, 2568, -3257), (-112, 216, 3)]
[(-15670, 2568, -3257), (-112, 216, 3)]
[(-15648, 2552, -3256), (-135, 209, 14)]
[(-15648, 2552, -3256), (-135, 209, 14)]
[(-15648, 2552, -3256), (-135, 209, 14)]
[(-15648, 2552, -3256), (-135, 209, 14)]
[(-15648, 2552, -3256), (-135, 209, 14)]
[(-15648, 2552, -3256), (-135, 209, 14)]
[(-15648, 2552, -3256), (-135, 209, 14)]
[(-15648, 2552, -3256), (-135, 209, 14)]
[(-15649, 2552, -3292), (-133, 216, 20)]
[(-15649, 2552, -3292), (-133, 216, 20)]
[(-15649, 2552, -3292), (-133, 216, 20)]
[(-15649, 2552, -3292), (-133, 216, 20)]
[(-15649, 2552, -3292), (-133, 216, 20)]
[(-15648, 2528, -3287), (-98, 158, 19)]
[(-15648, 2528, -3287), (-98, 158, 19)]
[(-15648, 2528, -3287), (-98, 158, 19)]
[(-15648, 2528, -3287), (-98, 158, 19)]
[(-15648, 2528, -3287), (-98, 158, 19)]
[(-15612, 2517, -3280), (-120, 161, -4)]
[(-15612, 2517, -3280), (-120, 161, -4)]
[(-15612, 2517, -3280), (-120, 161, -4)]
[(-15612, 2517, -3280), (-120, 161, -4)]
[(-15612, 2517, -3280), (-120, 161, -4)]
[(-15612, 2517, -3280), (-120, 161, -4)]
[(-15612, 2517, -3280), (-120, 161, -4)]
[(-15612, 2517, -3280), (-120, 161, -4)]
[(-15624, 2551, -3266), (-120, 195, -10)]
[(-15624, 2551, -3266), (-120, 195, -10)]
[(-15624, 2551, -3266), (-120, 195, -10)]
[(-15624, 2551, -3266), (-120, 195, -10)]
[(-15624, 2551, -3266), (-120, 195, -10)]
[(-15625, 2540, -3281), (-119, 176, -27)]
[(-15625, 2540, -3281), (-119, 176, -27)]
[(-15625, 2540, -3281), (-119, 176, -27)]
[(-15625, 2540, -3281), (-119, 176, -27)]
[(-15625, 2540, -3281), (-119, 176, -27)]
[(-15614, 2522, -3299), (-126, 183, -9)]
[(-15614, 2522, -3299), (-126, 183, -9)]
[(-15614, 2522, -3299), (-126, 183, -9)]
[(-15614, 2522, -3299), (-126, 183, -9)]
[(-15614, 2522, -3299), (-126, 183, -9)]
[(-15614, 2522, -3299), (-126, 183, -9)]
[(-15614, 2522, -3299), (-126, 183, -9)]
[(-15614, 2522, -3299), (-126, 183, -9)]
[(-15606, 2536, -3283), (-142, 193, 1)]
[(-15606, 2536, -3283), (-142, 193, 1)]
[(-15606, 2536, -3283), (-142, 193, 1)]
[(-15606, 2536, -3283), (-142, 193, 1)]
[(-15606, 2536, -3283), (-142, 193, 1)]
[(-15608, 2524, -3288), (-157, 224, 9)]
[(-15608, 2524, -3288), (-157, 224, 9)]
[(-15608, 2524, -3288), (-157, 224, 9)]
[(-15608, 2524, -3288), (-157, 224, 9)]
[(-15608, 2524, -3288), (-157, 224, 9)]
[(-15613, 2482, -3288), (-155, 246, 6)]
[(-15613, 2482, -3288), (-155, 246, 6)]
[(-15613, 2482, -3288), (-155, 246, 6)]
[(-15613, 2482, -3288), (-155, 246, 6)]
[(-15613, 2482, -3288), (-155, 246, 6)]
[(-15613, 2482, -3288), (-155, 246, 6)]
[(-15620, 2490, -3269), (-111, 217, -2)]
[(-15620, 2490, -3269), (-111, 217, -2)]
[(-15620, 2490, -3269), (-111, 217, -2)]
[(-15620, 2490, -3269), (-111, 217, -2)]
[(-15620, 2490, -3269), (-111, 217, -2)]
[(-15620, 2490, -3269), (-111, 217, -2)]
[(-15620, 2490, -3269), (-111, 217, -2)]
[(-15642, 2495, -3261), (-117, 179, -19)]
[(-15642, 2495, -3261), (-117, 179, -19)]
[(-15642, 2495, -3261), (-117, 179, -19)]
[(-15642, 2495, -3261), (-117, 179, -19)]
[(-15642, 2495, -3261), (-117, 179, -19)]
[(-15643, 2517, -3243), (-94, 168, -3)]
[(-15643, 2517, -3243), (-94, 168, -3)]
[(-15643, 2517, -3243), (-94, 168, -3)]
[(-15643, 2517, -3243), (-94, 168, -3)]
[(-15643, 2517, -3243), (-94, 168, -3)]
[(-15643, 2517, -3243), (-94, 168, -3)]
[(-15628, 2544, -3256), (-105, 232, 21)]
[(-15628, 2544, -3256), (-105, 232, 21)]
[(-15628, 2544, -3256), (-105, 232, 21)]
[(-15628, 2544, -3256), (-105, 232, 21)]
[(-15628, 2544, -3256), (-105, 232, 21)]
[(-15628, 2544, -3256), (-105, 232, 21)]
[(-15628, 2544, -3256), (-105, 232, 21)]
[(-15625, 2582, -3252), (-350, 278, 5)]
[(-15625, 2582, -3252), (-350, 278, 5)]
[(-15625, 2582, -3252), (-350, 278, 5)]
[(-15625, 2582, -3252), (-350, 278, 5)]
[(-15625, 2582, -3252), (-350, 278, 5)]
[(-15625, 2582, -3252), (-350, 278, 5)]
[(-15625, 2582, -3252), (-350, 278, 5)]
[(-15644, 2565, -3214), (-277, 253, -20)]
[(-15644, 2565, -3214), (-277, 253, -20)]
[(-15644, 2565, -3214), (-277, 253, -20)]
[(-15644, 2565, -3214), (-277, 253, -20)]
[(-15636, 2547, -3204), (-175, 234, -11)]
[(-15636, 2547, -3204), (-175, 234, -11)]
[(-15636, 2547, -3204), (-175, 234, -11)]
[(-15636, 2547, -3204), (-175, 234, -11)]
[(-15636, 2547, -3204), (-175, 234, -11)]
[(-15636, 2547, -3204), (-175, 234, -11)]
[(-15636, 2547, -3204), (-175, 234, -11)]
[(-15650, 2556, -3223), (-119, 196, -33)]
[(-15650, 2556, -3223), (-119, 196, -33)]
[(-15650, 2556, -3223), (-119, 196, -33)]
[(-15650, 2556, -3223), (-119, 196, -33)]
[(-15650, 2556, -3223), (-119, 196, -33)]
[(-15661, 2536, -3171), (-132, 214, -40)]
[(-15661, 2536, -3171), (-132, 214, -40)]
[(-15661, 2536, -3171), (-132, 214, -40)]
[(-15661, 2536, -3171), (-132, 214, -40)]
[(-15661, 2536, -3171), (-132, 214, -40)]
[(-15661, 2536, -3171), (-132, 214, -40)]
[(-15635, 2511, -3196), (-160, 268, -17)]
[(-15635, 2511, -3196), (-160, 268, -17)]
[(-15635, 2511, -3196), (-160, 268, -17)]
[(-15635, 2511, -3196), (-160, 268, -17)]
[(-15635, 2511, -3196), (-160, 268, -17)]
[(-15635, 2511, -3196), (-160, 268, -17)]
[(-15635, 2511, -3196), (-160, 268, -17)]
[(-15620, 2531, -3171), (-172, 289, 5)]
[(-15620, 2531, -3171), (-172, 289, 5)]
[(-15620, 2531, -3171), (-172, 289, 5)]
[(-15620, 2531, -3171), (-172, 289, 5)]
[(-15620, 2531, -3171), (-172, 289, 5)]
[(-15627, 2548, -3164), (-170, 288, 20)]
[(-15627, 2548, -3164), (-170, 288, 20)]
[(-15627, 2548, -3164), (-170, 288, 20)]
[(-15627, 2548, -3164), (-170, 288, 20)]
[(-15627, 2548, -3164), (-170, 288, 20)]
[(-15627, 2548, -3164), (-170, 288, 20)]
[(-15635, 2560, -3149), (-150, 252, 6)]
[(-15635, 2560, -3149), (-150, 252, 6)]
[(-15635, 2560, -3149), (-150, 252, 6)]
[(-15635, 2560, -3149), (-150, 252, 6)]
[(-15635, 2560, -3149), (-150, 252, 6)]
[(-15635, 2560, -3149), (-150, 252, 6)]
[(-15635, 2560, -3149), (-150, 252, 6)]
[(-15645, 2529, -3149), (-126, 229, -12)]
[(-15645, 2529, -3149), (-126, 229, -12)]
[(-15645, 2529, -3149), (-126, 229, -12)]
[(-15645, 2529, -3149), (-126, 229, -12)]
[(-15645, 2529, -3149), (-126, 229, -12)]
[(-15612, 2487, -3204), (-96, 192, 36)]
[(-15612, 2487, -3204), (-96, 192, 36)]
[(-15612, 2487, -3204), (-96, 192, 36)]
[(-15612, 2487, -3204), (-96, 192, 36)]
[(-15612, 2487, -3204), (-96, 192, 36)]
[(-15612, 2487, -3204), (-96, 192, 36)]
[(-15612, 2507, -3187), (-138, 194, 48)]
[(-15612, 2507, -3187), (-138, 194, 48)]
[(-15612, 2507, -3187), (-138, 194, 48)]
[(-15612, 2507, -3187), (-138, 194, 48)]
[(-15612, 2507, -3187), (-138, 194, 48)]
[(-15612, 2507, -3187), (-138, 194, 48)]
[(-15612, 2507, -3187), (-138, 194, 48)]
[(-15616, 2516, -3156), (-167, 207, 19)]