[(-15234, 2420, -5143), (-330, 494, 343)]
[(-15232, 2534, -5160), (-146, 500, 481)]
[(-15232, 2534, -5160), (-146, 500, 481)]
[(-15232, 2534, -5160), (-146, 500, 481)]
[(-15232, 2534, -5160), (-146, 500, 481)]
[(-15232, 2534, -5160), (-146, 500, 481)]
[(-15232, 2534, -5160), (-146, 500, 481)]
[(-15232, 2534, -5160), (-146, 500, 481)]
[(-15182, 2667, -5218), (-199, 488, 402)]
[(-15182, 2667, -5218), (-199, 488, 402)]
[(-15182, 2667, -5218), (-199, 488, 402)]
[(-15182, 2667, -5218), (-199, 488, 402)]
[(-15182, 2667, -5218), (-199, 488, 402)]
[(-15182, 2667, -5218), (-199, 488, 402)]
[(-15182, 2667, -5218), (-199, 488, 402)]
[(-15134, 2809, -5248), (-442, 404, 315)]
[(-15134, 2809, -5248), (-442, 404, 315)]
[(-15134, 2809, -5248), (-442, 404, 315)]
[(-15134, 2809, -5248), (-442, 404, 315)]
[(-15134, 2809, -5248), (-442, 404, 315)]
[(-15134, 2809, -5248), (-442, 404, 315)]
[(-15142, 2828, -5281), (-563, 357, 312)]
[(-15142, 2828, -5281), (-563, 357, 312)]
[(-15142, 2828, -5281), (-563, 357, 312)]
[(-15155, 2885, -5271), (-489, 404, 307)]
[(-15155, 2885, -5271), (-489, 404, 307)]
[(-15155, 2885, -5271), (-489, 404, 307)]
[(-15155, 2885, -5271), (-489, 404, 307)]
[(-15155, 2885, -5271), (-489, 404, 307)]
[(-15155, 2885, -5271), (-489, 404, 307)]
[(-15155, 2885, -5271), (-489, 404, 307)]
[(-15155, 2885, -5271), (-489, 404, 307)]
[(-15137, 2961, -5264), (-256, 536, 286)]
[(-15137, 2961, -5264), (-256, 536, 286)]
[(-15137, 2961, -5264), (-256, 536, 286)]
[(-15137, 2961, -5264), (-256, 536, 286)]
[(-15137, 2961, -5264), (-256, 536, 286)]
[(-15104, 3049, -5279), (-211, 551, 149)]
[(-15104, 3049, -5279), (-211, 551, 149)]
[(-15104, 3049, -5279), (-211, 551, 149)]
[(-15104, 3049, -5279), (-211, 551, 149)]
[(-15104, 3049, -5279), (-211, 551, 149)]
[(-15132, 3077, -5337), (-140, 502, 219)]
[(-15132, 3077, -5337), (-140, 502, 219)]
[(-15132, 3077, -5337), (-140, 502, 219)]
[(-15132, 3077, -5337), (-140, 502, 219)]
[(-15132, 3077, -5337), (-140, 502, 219)]
[(-15132, 3077, -5337), (-140, 502, 219)]
[(-15132, 3077, -5337), (-140, 502, 219)]
[(-15132, 3077, -5337), (-140, 502, 219)]
[(-15104, 3108, -5376), (-175, 498, 225)]
[(-15104, 3108, -5376), (-175, 498, 225)]
[(-15104, 3108, -5376), (-175, 498, 225)]
[(-15104, 3108, -5376), (-175, 498, 225)]
[(-15104, 3108, -5376), (-175, 498, 225)]
[(-15090, 3141, -5410), (-374, 388, 232)]
[(-15090, 3141, -5410), (-374, 388, 232)]
[(-15090, 3141, -5410), (-374, 388, 232)]
[(-15090, 3141, -5410), (-374, 388, 232)]
[(-15090, 3141, -5410), (-374, 388, 232)]
[(-15078, 3197, -5396), (-328, 374, 202)]
[(-15078, 3197, -5396), (-328, 374, 202)]
[(-15078, 3197, -5396), (-328, 374, 202)]
[(-15078, 3197, -5396), (-328, 374, 202)]
[(-15078, 3197, -5396), (-328, 374, 202)]
[(-15078, 3197, -5396), (-328, 374, 202)]
[(-15078, 3197, -5396), (-328, 374, 202)]
[(-15078, 3197, -5396), (-328, 374, 202)]
[(-15083, 3229, -5403), (-183, 404, 192)]
[(-15083, 3229, -5403), (-183, 404, 192)]
[(-15083, 3229, -5403), (-183, 404, 192)]
[(-15083, 3229, -5403), (-183, 404, 192)]
[(-15083, 3229, -5403), (-183, 404, 192)]
[(-15089, 3251, -5435), (-49, 394, 166)]
[(-15089, 3251, -5435), (-49, 394, 166)]
[(-15089, 3251, -5435), (-49, 394, 166)]
[(-15089, 3251, -5435), (-49, 394, 166)]
[(-15089, 3251, -5435), (-49, 394, 166)]
[(-15064, 3256, -5462), (-3, 396, 138)]
[(-15064, 3256, -5462), (-3, 396, 138)]
[(-15064, 3256, -5462), (-3, 396, 138)]
[(-15064, 3256, -5462), (-3, 396, 138)]
[(-15064, 3256, -5462), (-3, 396, 138)]
[(-15064, 3256, -5462), (-3, 396, 138)]
[(-15064, 3256, -5462), (-3, 396, 138)]
[(-15064, 3256, -5462), (-3, 396, 138)]
[(-15044, 3257, -5496), (-23, 403, 125)]
[(-15044, 3257, -5496), (-23, 403, 125)]
[(-15044, 3257, -5496), (-23, 403, 125)]
[(-15044, 3257, -5496), (-23, 403, 125)]
[(-15004, 3249, -5498), (-17, 396, 96)]
[(-15004, 3249, -5498), (-17, 396, 96)]
[(-15004, 3249, -5498), (-17, 396, 96)]
[(-15004, 3249, -5498), (-17, 396, 96)]
[(-15004, 3249, -5498), (-17, 396, 96)]
[(-14982, 3255, -5505), (-68, 378, 78)]
[(-14982, 3255, -5505), (-68, 378, 78)]
[(-14982, 3255, -5505), (-68, 378, 78)]
[(-14982, 3255, -5505), (-68, 378, 78)]
[(-14982, 3255, -5505), (-68, 378, 78)]
[(-14982, 3255, -5505), (-68, 378, 78)]
[(-14982, 3255, -5505), (-68, 378, 78)]
[(-14982, 3255, -5505), (-68, 378, 78)]
[(-15016, 3221, -5509), (-88, 354, 69)]
[(-15016, 3221, -5509), (-88, 354, 69)]
[(-15016, 3221, -5509), (-88, 354, 69)]
[(-15016, 3221, -5509), (-88, 354, 69)]
[(-15016, 3221, -5509), (-88, 354, 69)]
[(-15050, 3195, -5529), (-102, 288, -30)]
[(-15050, 3195, -5529), (-102, 288, -30)]
[(-15050, 3195, -5529), (-102, 288, -30)]
[(-15050, 3195, -5529), (-102, 288, -30)]