[(-14042, 7222, -3840), (-122, 263, 6)]
[(-14079, 7247, -3823), (-99, 193, 4)]
[(-14079, 7247, -3823), (-99, 193, 4)]
[(-14079, 7247, -3823), (-99, 193, 4)]
[(-14079, 7247, -3823), (-99, 193, 4)]
[(-14100, 7247, -3812), (-304, 272, 27)]
[(-14100, 7247, -3812), (-304, 272, 27)]
[(-14100, 7247, -3812), (-304, 272, 27)]
[(-14100, 7247, -3812), (-304, 272, 27)]
[(-14100, 7247, -3812), (-304, 272, 27)]
[(-14100, 7247, -3812), (-304, 272, 27)]
[(-14100, 7247, -3812), (-304, 272, 27)]
[(-14100, 7247, -3812), (-304, 272, 27)]
[(-14073, 7278, -3805), (-279, 309, 54)]
[(-14073, 7278, -3805), (-279, 309, 54)]
[(-14073, 7278, -3805), (-279, 309, 54)]
[(-14073, 7278, -3805), (-279, 309, 54)]
[(-14073, 7278, -3805), (-279, 309, 54)]
[(-14044, 7300, -3824), (-282, 360, 65)]
[(-14044, 7300, -3824), (-282, 360, 65)]
[(-14044, 7300, -3824), (-282, 360, 65)]
[(-14044, 7300, -3824), (-282, 360, 65)]
[(-14044, 7300, -3824), (-282, 360, 65)]
[(-14044, 7300, -3824), (-282, 360, 65)]
[(-14000, 7337, -3868), (-235, 303, 35)]
[(-14000, 7337, -3868), (-235, 303, 35)]
[(-14000, 7337, -3868), (-235, 303, 35)]
[(-14000, 7337, -3868), (-235, 303, 35)]
[(-14000, 7337, -3868), (-235, 303, 35)]
[(-14000, 7337, -3868), (-235, 303, 35)]
[(-14000, 7337, -3868), (-235, 303, 35)]
[(-13982, 7336, -3878), (-162, 211, -9)]
[(-13982, 7336, -3878), (-162, 211, -9)]
[(-13982, 7336, -3878), (-162, 211, -9)]
[(-13982, 7336, -3878), (-162, 211, -9)]
[(-13982, 7336, -3878), (-162, 211, -9)]
[(-13996, 7319, -3880), (-124, 180, -15)]
[(-13996, 7319, -3880), (-124, 180, -15)]
[(-13996, 7319, -3880), (-124, 180, -15)]
[(-13996, 7319, -3880), (-124, 180, -15)]
[(-13996, 7319, -3880), (-124, 180, -15)]
[(-13996, 7319, -3880), (-124, 180, -15)]
[(-13996, 7304, -3900), (-130, 223, 7)]
[(-13996, 7304, -3900), (-130, 223, 7)]
[(-13996, 7304, -3900), (-130, 223, 7)]
[(-13996, 7304, -3900), (-130, 223, 7)]
[(-13996, 7304, -3900), (-130, 223, 7)]
[(-13976, 7266, -3948), (-134, 273, 29)]
[(-13976, 7266, -3948), (-134, 273, 29)]
[(-13976, 7266, -3948), (-134, 273, 29)]
[(-13976, 7266, -3948), (-134, 273, 29)]
[(-13976, 7266, -3948), (-134, 273, 29)]
[(-13976, 7266, -3948), (-134, 273, 29)]
[(-13976, 7266, -3948), (-134, 273, 29)]
[(-13950, 7284, -3966), (-141, 266, 26)]
[(-13950, 7284, -3966), (-141, 266, 26)]
[(-13950, 7284, -3966), (-141, 266, 26)]
[(-13950, 7284, -3966), (-141, 266, 26)]
[(-13950, 7284, -3966), (-141, 266, 26)]
[(-13950, 7284, -3966), (-141, 266, 26)]
[(-13979, 7311, -3923), (-142, 221, 7)]
[(-13979, 7311, -3923), (-142, 221, 7)]
[(-13979, 7311, -3923), (-142, 221, 7)]
[(-13979, 7311, -3923), (-142, 221, 7)]
[(-13979, 7311, -3923), (-142, 221, 7)]
[(-13993, 7349, -3866), (-150, 181, 7)]
[(-13993, 7349, -3866), (-150, 181, 7)]
[(-13993, 7349, -3866), (-150, 181, 7)]
[(-13993, 7349, -3866), (-150, 181, 7)]
[(-13993, 7349, -3866), (-150, 181, 7)]
[(-13993, 7349, -3866), (-150, 181, 7)]
[(-13993, 7349, -3866), (-150, 181, 7)]
[(-14007, 7346, -3863), (-130, 222, 15)]
[(-14007, 7346, -3863), (-130, 222, 15)]
[(-14007, 7346, -3863), (-130, 222, 15)]
[(-14007, 7346, -3863), (-130, 222, 15)]
[(-14007, 7346, -3863), (-130, 222, 15)]
[(-14007, 7346, -3863), (-130, 222, 15)]
[(-14001, 7323, -3884), (-100, 281, 20)]
[(-14001, 7323, -3884), (-100, 281, 20)]
[(-14001, 7323, -3884), (-100, 281, 20)]
[(-14001, 7323, -3884), (-100, 281, 20)]
[(-14001, 7323, -3884), (-100, 281, 20)]
[(-14001, 7323, -3884), (-100, 281, 20)]
[(-14001, 7323, -3884), (-100, 281, 20)]
[(-14002, 7318, -3926), (-102, 283, -13)]
[(-14002, 7318, -3926), (-102, 283, -13)]
[(-14002, 7318, -3926), (-102, 283, -13)]
[(-14002, 7318, -3926), (-102, 283, -13)]
[(-14002, 7318, -3926), (-102, 283, -13)]
[(-14021, 7280, -3958), (-103, 187, 5)]
[(-14021, 7280, -3958), (-103, 187, 5)]
[(-14021, 7280, -3958), (-103, 187, 5)]
[(-14021, 7280, -3958), (-103, 187, 5)]
[(-14021, 7280, -3958), (-103, 187, 5)]
[(-14021, 7280, -3958), (-103, 187, 5)]
[(-14012, 7284, -3944), (-136, 130, 24)]
[(-14012, 7284, -3944), (-136, 130, 24)]
[(-14012, 7284, -3944), (-136, 130, 24)]
[(-14012, 7284, -3944), (-136, 130, 24)]
[(-14012, 7284, -3944), (-136, 130, 24)]
[(-14017, 7324, -3900), (-147, 159, 6)]
[(-14017, 7324, -3900), (-147, 159, 6)]
[(-14017, 7324, -3900), (-147, 159, 6)]
[(-14017, 7324, -3900), (-147, 159, 6)]
[(-14017, 7324, -3900), (-147, 159, 6)]
[(-14017, 7324, -3900), (-147, 159, 6)]
[(-14017, 7324, -3900), (-147, 159, 6)]
[(-14015, 7340, -3885), (-137, 225, -14)]
[(-14015, 7340, -3885), (-137, 225, -14)]
[(-14015, 7340, -3885), (-137, 225, -14)]
[(-14015, 7340, -3885), (-137, 225, -14)]
[(-14015, 7340, -3885), (-137, 225, -14)]
[(-14015, 7340, -3885), (-137, 225, -14)]
[(-14021, 7367, -3883), (-121, 279, -17)]
[(-14021, 7367, -3883), (-121, 279, -17)]
[(-14021, 7367, -3883), (-121, 279, -17)]
[(-14021, 7367, -3883), (-121, 279, -17)]
[(-14021, 7367, -3883), (-121, 279, -17)]
[(-14003, 7357, -3858), (-132, 258, -6)]
[(-14003, 7357, -3858), (-132, 258, -6)]
[(-14003, 7357, -3858), (-132, 258, -6)]
[(-14003, 7357, -3858), (-132, 258, -6)]
[(-14003, 7357, -3858), (-132, 258, -6)]
[(-14003, 7357, -3858), (-132, 258, -6)]
[(-14003, 7357, -3858), (-132, 258, -6)]
[(-14016, 7384, -3832), (-133, 252, 25)]
[(-14016, 7384, -3832), (-133, 252, 25)]
[(-14016, 7384, -3832), (-133, 252, 25)]
[(-14016, 7384, -3832), (-133, 252, 25)]
[(-14016, 7384, -3832), (-133, 252, 25)]
[(-14016, 7384, -3832), (-133, 252, 25)]
[(-13997, 7375, -3876), (-108, 232, 15)]
[(-13997, 7375, -3876), (-108, 232, 15)]
[(-13997, 7375, -3876), (-108, 232, 15)]
[(-13997, 7375, -3876), (-108, 232, 15)]
[(-13997, 7375, -3876), (-108, 232, 15)]
[(-14003, 7371, -3885), (-103, 224, 6)]
[(-14003, 7371, -3885), (-103, 224, 6)]
[(-14003, 7371, -3885), (-103, 224, 6)]
[(-14003, 7371, -3885), (-103, 224, 6)]
[(-14003, 7371, -3885), (-103, 224, 6)]
[(-14003, 7371, -3885), (-103, 224, 6)]
[(-14003, 7371, -3885), (-103, 224, 6)]
[(-13984, 7352, -3865), (-125, 252, 8)]
[(-13984, 7352, -3865), (-125, 252, 8)]
[(-13984, 7352, -3865), (-125, 252, 8)]
[(-13984, 7352, -3865), (-125, 252, 8)]
[(-13984, 7352, -3865), (-125, 252, 8)]
[(-13984, 7352, -3865), (-125, 252, 8)]
[(-13975, 7335, -3876), (-136, 256, 23)]
[(-13975, 7335, -3876), (-136, 256, 23)]
[(-13975, 7335, -3876), (-136, 256, 23)]
[(-13975, 7335, -3876), (-136, 256, 23)]
[(-13975, 7335, -3876), (-136, 256, 23)]
[(-13975, 7335, -3876), (-136, 256, 23)]
[(-13975, 7335, -3876), (-136, 256, 23)]
[(-13980, 7344, -3901), (-105, 241, 42)]
[(-13980, 7344, -3901), (-105, 241, 42)]
[(-13980, 7344, -3901), (-105, 241, 42)]
[(-13980, 7344, -3901), (-105, 241, 42)]
[(-13980, 7344, -3901), (-105, 241, 42)]
[(-13990, 7364, -3906), (-101, 225, 25)]
[(-13990, 7364, -3906), (-101, 225, 25)]
[(-13990, 7364, -3906), (-101, 225, 25)]
[(-13990, 7364, -3906), (-101, 225, 25)]
[(-13990, 7364, -3906), (-101, 225, 25)]
[(-13996, 7355, -3925), (-110, 217, -1)]
[(-13996, 7355, -3925), (-110, 217, -1)]
[(-13996, 7355, -3925), (-110, 217, -1)]
[(-13996, 7355, -3925), (-110, 217, -1)]
[(-13996, 7355, -3925), (-110, 217, -1)]
[(-14008, 7357, -3913), (-118, 243, -4)]
[(-14008, 7357, -3913), (-118, 243, -4)]
[(-14008, 7357, -3913), (-118, 243, -4)]
[(-14008, 7357, -3913), (-118, 243, -4)]
[(-14008, 7357, -3913), (-118, 243, -4)]
[(-14008, 7357, -3913), (-118, 243, -4)]
[(-14008, 7357, -3913), (-118, 243, -4)]
[(-13996, 7342, -3909), (-156, 238, 44)]
[(-13996, 7342, -3909), (-156, 238, 44)]
[(-13996, 7342, -3909), (-156, 238, 44)]
[(-13996, 7342, -3909), (-156, 238, 44)]
[(-13996, 7342, -3909), (-156, 238, 44)]
[(-13996, 7342, -3909), (-156, 238, 44)]
[(-13972, 7336, -3940), (-117, 200, 30)]
[(-13972, 7336, -3940), (-117, 200, 30)]
[(-13972, 7336, -3940), (-117, 200, 30)]
[(-13972, 7336, -3940), (-117, 200, 30)]
[(-13972, 7336, -3940), (-117, 200, 30)]
[(-13990, 7321, -3915), (-124, 179, -3)]