[(-14098, 7001, -4128), (-32, 232, 39)]
[(-14096, 7023, -4148), (-42, 210, 24)]
[(-14096, 7023, -4148), (-42, 210, 24)]
[(-14096, 7023, -4148), (-42, 210, 24)]
[(-14096, 7023, -4148), (-42, 210, 24)]
[(-14096, 7023, -4148), (-42, 210, 24)]
[(-14104, 7007, -4136), (-90, 103, 27)]
[(-14104, 7007, -4136), (-90, 103, 27)]
[(-14104, 7007, -4136), (-90, 103, 27)]
[(-14104, 7007, -4136), (-90, 103, 27)]
[(-14104, 7007, -4136), (-90, 103, 27)]
[(-14104, 7007, -4136), (-90, 103, 27)]
[(-14089, 7000, -4109), (-84, -4, 55)]
[(-14089, 7000, -4109), (-84, -4, 55)]
[(-14089, 7000, -4109), (-84, -4, 55)]
[(-14089, 7000, -4109), (-84, -4, 55)]
[(-14089, 7000, -4109), (-84, -4, 55)]
[(-14089, 7000, -4109), (-84, -4, 55)]
[(-14089, 7000, -4109), (-84, -4, 55)]
[(-14073, 7023, -4105), (-93, 49, 8)]
[(-14073, 7023, -4105), (-93, 49, 8)]
[(-14073, 7023, -4105), (-93, 49, 8)]
[(-14073, 7023, -4105), (-93, 49, 8)]
[(-14073, 7023, -4105), (-93, 49, 8)]
[(-14091, 7026, -4088), (-94, 163, -34)]
[(-14091, 7026, -4088), (-94, 163, -34)]
[(-14091, 7026, -4088), (-94, 163, -34)]
[(-14091, 7026, -4088), (-94, 163, -34)]
[(-14091, 7026, -4088), (-94, 163, -34)]
[(-14091, 7026, -4088), (-94, 163, -34)]
[(-14094, 7034, -4095), (-114, 225, -21)]
[(-14094, 7034, -4095), (-114, 225, -21)]
[(-14094, 7034, -4095), (-114, 225, -21)]
[(-14094, 7034, -4095), (-114, 225, -21)]
[(-14094, 7034, -4095), (-114, 225, -21)]
[(-14094, 7034, -4095), (-114, 225, -21)]
[(-14094, 7034, -4095), (-114, 225, -21)]
[(-14096, 7025, -4129), (-157, 195, 11)]
[(-14096, 7025, -4129), (-157, 195, 11)]
[(-14096, 7025, -4129), (-157, 195, 11)]
[(-14096, 7025, -4129), (-157, 195, 11)]
[(-14096, 7025, -4129), (-157, 195, 11)]
[(-14088, 7028, -4140), (-128, 125, 4)]
[(-14088, 7028, -4140), (-128, 125, 4)]
[(-14088, 7028, -4140), (-128, 125, 4)]
[(-14088, 7028, -4140), (-128, 125, 4)]
[(-14088, 7028, -4140), (-128, 125, 4)]
[(-14088, 7028, -4140), (-128, 125, 4)]
[(-14088, 7052, -4116), (-117, 135, -39)]
[(-14088, 7052, -4116), (-117, 135, -39)]
[(-14088, 7052, -4116), (-117, 135, -39)]
[(-14088, 7052, -4116), (-117, 135, -39)]
[(-14088, 7052, -4116), (-117, 135, -39)]
[(-14088, 7052, -4116), (-117, 135, -39)]
[(-14088, 7052, -4116), (-117, 135, -39)]
[(-14106, 7061, -4090), (-125, 166, -6)]
[(-14106, 7061, -4090), (-125, 166, -6)]
[(-14106, 7061, -4090), (-125, 166, -6)]
[(-14106, 7061, -4090), (-125, 166, -6)]
[(-14106, 7061, -4090), (-125, 166, -6)]
[(-14104, 7066, -4097), (-161, 225, 31)]
[(-14104, 7066, -4097), (-161, 225, 31)]
[(-14104, 7066, -4097), (-161, 225, 31)]
[(-14104, 7066, -4097), (-161, 225, 31)]
[(-14104, 7066, -4097), (-161, 225, 31)]
[(-14104, 7066, -4097), (-161, 225, 31)]
[(-14093, 7068, -4070), (-209, 226, 79)]
[(-14093, 7068, -4070), (-209, 226, 79)]
[(-14093, 7068, -4070), (-209, 226, 79)]
[(-14093, 7068, -4070), (-209, 226, 79)]
[(-14093, 7068, -4070), (-209, 226, 79)]
[(-14093, 7068, -4070), (-209, 226, 79)]
[(-14093, 7068, -4070), (-209, 226, 79)]
[(-14082, 7081, -4100), (-146, 150, 63)]
[(-14082, 7081, -4100), (-146, 150, 63)]
[(-14082, 7081, -4100), (-146, 150, 63)]
[(-14082, 7081, -4100), (-146, 150, 63)]
[(-14082, 7081, -4100), (-146, 150, 63)]
[(-14092, 7088, -4068), (-114, 122, 18)]
[(-14092, 7088, -4068), (-114, 122, 18)]
[(-14092, 7088, -4068), (-114, 122, 18)]
[(-14092, 7088, -4068), (-114, 122, 18)]
[(-14092, 7088, -4068), (-114, 122, 18)]
[(-14092, 7088, -4068), (-114, 122, 18)]
[(-14105, 7082, -4088), (-136, 176, 12)]
[(-14105, 7082, -4088), (-136, 176, 12)]
[(-14105, 7082, -4088), (-136, 176, 12)]
[(-14105, 7082, -4088), (-136, 176, 12)]
[(-14105, 7082, -4088), (-136, 176, 12)]
[(-14088, 7081, -4091), (-167, 251, 27)]
[(-14088, 7081, -4091), (-167, 251, 27)]
[(-14088, 7081, -4091), (-167, 251, 27)]
[(-14088, 7081, -4091), (-167, 251, 27)]
[(-14088, 7081, -4091), (-167, 251, 27)]
[(-14088, 7081, -4091), (-167, 251, 27)]
[(-14088, 7081, -4091), (-167, 251, 27)]
[(-14093, 7084, -4085), (-146, 236, 40)]
[(-14093, 7084, -4085), (-146, 236, 40)]
[(-14093, 7084, -4085), (-146, 236, 40)]
[(-14093, 7084, -4085), (-146, 236, 40)]
[(-14093, 7084, -4085), (-146, 236, 40)]
[(-14093, 7084, -4085), (-146, 236, 40)]
[(-14090, 7077, -4085), (-146, 167, 18)]
[(-14090, 7077, -4085), (-146, 167, 18)]
[(-14090, 7077, -4085), (-146, 167, 18)]
[(-14090, 7077, -4085), (-146, 167, 18)]
[(-14090, 7077, -4085), (-146, 167, 18)]
[(-14087, 7048, -4084), (-86, 117, 21)]
[(-14087, 7048, -4084), (-86, 117, 21)]
[(-14087, 7048, -4084), (-86, 117, 21)]
[(-14087, 7048, -4084), (-86, 117, 21)]
[(-14087, 7048, -4084), (-86, 117, 21)]
[(-14087, 7048, -4084), (-86, 117, 21)]
[(-14087, 7048, -4084), (-86, 117, 21)]
[(-14082, 7040, -4072), (-66, 140, 12)]
[(-14082, 7040, -4072), (-66, 140, 12)]
[(-14082, 7040, -4072), (-66, 140, 12)]
[(-14082, 7040, -4072), (-66, 140, 12)]
[(-14082, 7040, -4072), (-66, 140, 12)]
[(-14082, 7040, -4072), (-66, 140, 12)]
[(-14084, 7059, -4059), (-77, 211, 16)]
[(-14084, 7059, -4059), (-77, 211, 16)]
[(-14084, 7059, -4059), (-77, 211, 16)]
[(-14084, 7059, -4059), (-77, 211, 16)]
[(-14080, 7073, -4052), (-70, 236, 17)]
[(-14080, 7073, -4052), (-70, 236, 17)]
[(-14080, 7073, -4052), (-70, 236, 17)]
[(-14080, 7073, -4052), (-70, 236, 17)]
[(-14080, 7073, -4052), (-70, 236, 17)]
[(-14080, 7073, -4052), (-70, 236, 17)]
[(-14080, 7073, -4052), (-70, 236, 17)]
[(-14076, 7074, -4080), (-110, 217, 11)]
[(-14076, 7074, -4080), (-110, 217, 11)]
[(-14076, 7074, -4080), (-110, 217, 11)]
[(-14076, 7074, -4080), (-110, 217, 11)]
[(-14076, 7074, -4080), (-110, 217, 11)]
[(-14120, 7071, -4075), (-57, 136, 36)]
[(-14120, 7071, -4075), (-57, 136, 36)]
[(-14120, 7071, -4075), (-57, 136, 36)]
[(-14120, 7071, -4075), (-57, 136, 36)]
[(-14120, 7071, -4075), (-57, 136, 36)]
[(-14120, 7071, -4075), (-57, 136, 36)]
[(-14122, 7072, -4035), (-96, 152, 39)]
[(-14122, 7072, -4035), (-96, 152, 39)]