[(-14016, 7335, -3848), (-122, 286, 64)]
[(-14016, 7335, -3848), (-122, 286, 64)]
[(-14016, 7335, -3848), (-122, 286, 64)]
[(-14007, 7341, -3842), (-119, 256, 37)]
[(-14007, 7341, -3842), (-119, 256, 37)]
[(-14007, 7341, -3842), (-119, 256, 37)]
[(-14007, 7341, -3842), (-119, 256, 37)]
[(-14007, 7341, -3842), (-119, 256, 37)]
[(-14007, 7341, -3842), (-119, 256, 37)]
[(-14018, 7340, -3860), (-102, 227, 9)]
[(-14018, 7340, -3860), (-102, 227, 9)]
[(-14018, 7340, -3860), (-102, 227, 9)]
[(-14018, 7340, -3860), (-102, 227, 9)]
[(-14018, 7340, -3860), (-102, 227, 9)]
[(-14030, 7344, -3844), (-112, 240, -4)]
[(-14030, 7344, -3844), (-112, 240, -4)]
[(-14030, 7344, -3844), (-112, 240, -4)]
[(-14030, 7344, -3844), (-112, 240, -4)]
[(-14030, 7344, -3844), (-112, 240, -4)]
[(-14030, 7344, -3844), (-112, 240, -4)]
[(-14042, 7378, -3827), (-131, 270, -6)]
[(-14042, 7378, -3827), (-131, 270, -6)]
[(-14042, 7378, -3827), (-131, 270, -6)]
[(-14042, 7378, -3827), (-131, 270, -6)]
[(-14042, 7378, -3827), (-131, 270, -6)]
[(-14042, 7378, -3827), (-131, 270, -6)]
[(-14042, 7378, -3827), (-131, 270, -6)]
[(-14064, 7378, -3868), (-117, 245, 21)]
[(-14064, 7378, -3868), (-117, 245, 21)]
[(-14064, 7378, -3868), (-117, 245, 21)]
[(-14064, 7378, -3868), (-117, 245, 21)]
[(-14064, 7378, -3868), (-117, 245, 21)]
[(-14064, 7378, -3868), (-117, 245, 21)]
[(-14064, 7378, -3868), (-117, 245, 21)]
[(-14036, 7374, -3840), (-153, 229, 12)]
[(-14036, 7374, -3840), (-153, 229, 12)]
[(-14036, 7374, -3840), (-153, 229, 12)]
[(-14036, 7374, -3840), (-153, 229, 12)]
[(-14018, 7396, -3817), (-164, 206, -20)]
[(-14018, 7396, -3817), (-164, 206, -20)]
[(-14018, 7396, -3817), (-164, 206, -20)]
[(-14018, 7396, -3817), (-164, 206, -20)]
[(-14018, 7396, -3817), (-164, 206, -20)]
[(-14018, 7396, -3817), (-164, 206, -20)]
[(-14018, 7396, -3817), (-164, 206, -20)]
[(-14036, 7368, -3796), (-135, 202, -28)]
[(-14036, 7368, -3796), (-135, 202, -28)]
[(-14036, 7368, -3796), (-135, 202, -28)]
[(-14036, 7368, -3796), (-135, 202, -28)]
[(-14036, 7368, -3796), (-135, 202, -28)]
[(-14036, 7354, -3780), (-126, 262, -4)]
[(-14036, 7354, -3780), (-126, 262, -4)]
[(-14036, 7354, -3780), (-126, 262, -4)]
[(-14036, 7354, -3780), (-126, 262, -4)]
[(-14036, 7354, -3780), (-126, 262, -4)]
[(-14036, 7354, -3780), (-126, 262, -4)]
[(-14026, 7350, -3828), (-126, 296, 11)]
[(-14026, 7350, -3828), (-126, 296, 11)]
[(-14026, 7350, -3828), (-126, 296, 11)]
[(-14026, 7350, -3828), (-126, 296, 11)]
[(-14026, 7350, -3828), (-126, 296, 11)]
[(-14026, 7350, -3828), (-126, 296, 11)]
[(-14026, 7350, -3828), (-126, 296, 11)]
[(-14017, 7331, -3839), (-141, 285, -9)]
[(-14017, 7331, -3839), (-141, 285, -9)]
[(-14017, 7331, -3839), (-141, 285, -9)]
[(-14017, 7331, -3839), (-141, 285, -9)]
[(-14017, 7331, -3839), (-141, 285, -9)]
[(-14036, 7340, -3843), (-154, 265, -20)]
[(-14036, 7340, -3843), (-154, 265, -20)]
[(-14036, 7340, -3843), (-154, 265, -20)]
[(-14036, 7340, -3843), (-154, 265, -20)]
[(-14036, 7340, -3843), (-154, 265, -20)]
[(-14036, 7340, -3843), (-154, 265, -20)]
[(-14027, 7350, -3846), (-131, 241, -10)]
[(-14027, 7350, -3846), (-131, 241, -10)]
[(-14027, 7350, -3846), (-131, 241, -10)]
[(-14027, 7350, -3846), (-131, 241, -10)]
[(-14027, 7350, -3846), (-131, 241, -10)]
[(-14027, 7350, -3846), (-131, 241, -10)]
[(-14027, 7350, -3846), (-131, 241, -10)]
[(-14041, 7332, -3810), (-165, 255, 7)]
[(-14041, 7332, -3810), (-165, 255, 7)]
[(-14041, 7332, -3810), (-165, 255, 7)]
[(-14041, 7332, -3810), (-165, 255, 7)]
[(-14041, 7332, -3810), (-165, 255, 7)]
[(-14043, 7334, -3827), (-143, 270, 14)]
[(-14043, 7334, -3827), (-143, 270, 14)]
[(-14043, 7334, -3827), (-143, 270, 14)]
[(-14043, 7334, -3827), (-143, 270, 14)]
[(-14043, 7334, -3827), (-143, 270, 14)]
[(-14043, 7334, -3827), (-143, 270, 14)]
[(-14028, 7341, -3840), (-119, 275, -3)]
[(-14028, 7341, -3840), (-119, 275, -3)]
[(-14028, 7341, -3840), (-119, 275, -3)]
[(-14028, 7341, -3840), (-119, 275, -3)]
[(-14028, 7341, -3840), (-119, 275, -3)]
[(-14028, 7341, -3840), (-119, 275, -3)]
[(-14028, 7341, -3840), (-119, 275, -3)]
[(-14016, 7329, -3882), (-95, 251, -12)]
[(-14016, 7329, -3882), (-95, 251, -12)]
[(-14016, 7329, -3882), (-95, 251, -12)]
[(-14016, 7329, -3882), (-95, 251, -12)]
[(-14016, 7329, -3882), (-95, 251, -12)]
[(-14016, 7309, -3896), (-111, 240, 0)]
[(-14016, 7309, -3896), (-111, 240, 0)]
[(-14016, 7309, -3896), (-111, 240, 0)]
[(-14016, 7309, -3896), (-111, 240, 0)]
[(-14016, 7309, -3896), (-111, 240, 0)]
[(-14016, 7309, -3896), (-111, 240, 0)]
[(-14015, 7332, -3897), (-119, 241, 11)]
[(-14015, 7332, -3897), (-119, 241, 11)]
[(-14015, 7332, -3897), (-119, 241, 11)]
[(-14015, 7332, -3897), (-119, 241, 11)]
[(-14015, 7332, -3897), (-119, 241, 11)]
[(-14015, 7332, -3897), (-119, 241, 11)]
[(-14016, 7316, -3873), (-96, 198, 36)]
[(-14016, 7316, -3873), (-96, 198, 36)]
[(-14016, 7316, -3873), (-96, 198, 36)]
[(-14016, 7316, -3873), (-96, 198, 36)]
[(-14016, 7316, -3873), (-96, 198, 36)]
[(-14014, 7321, -3865), (-117, 187, 18)]
[(-14014, 7321, -3865), (-117, 187, 18)]
[(-14014, 7321, -3865), (-117, 187, 18)]
[(-14014, 7321, -3865), (-117, 187, 18)]
[(-14014, 7321, -3865), (-117, 187, 18)]
[(-14014, 7321, -3865), (-117, 187, 18)]
[(-14014, 7282, -3870), (-111, 174, 17)]
[(-14014, 7282, -3870), (-111, 174, 17)]
[(-14014, 7282, -3870), (-111, 174, 17)]
[(-14014, 7282, -3870), (-111, 174, 17)]
[(-14014, 7282, -3870), (-111, 174, 17)]
[(-14014, 7282, -3870), (-111, 174, 17)]
[(-14014, 7282, -3870), (-111, 174, 17)]
[(-14032, 7303, -3834), (-116, 174, -1)]
[(-14032, 7303, -3834), (-116, 174, -1)]
[(-14032, 7303, -3834), (-116, 174, -1)]
[(-14032, 7303, -3834), (-116, 174, -1)]
[(-14032, 7303, -3834), (-116, 174, -1)]