[(-13421, -1557, -10137), (-44, 362, -20)]
[(-13438, -1592, -10134), (-37, 363, -29)]
[(-13438, -1592, -10134), (-37, 363, -29)]
[(-13438, -1592, -10134), (-37, 363, -29)]
[(-13438, -1592, -10134), (-37, 363, -29)]
[(-13438, -1592, -10134), (-37, 363, -29)]
[(-13438, -1592, -10134), (-37, 363, -29)]
[(-13438, -1592, -10134), (-37, 363, -29)]
[(-13429, -1614, -10105), (-29, 376, -38)]
[(-13429, -1614, -10105), (-29, 376, -38)]
[(-13429, -1614, -10105), (-29, 376, -38)]
[(-13429, -1614, -10105), (-29, 376, -38)]
[(-13429, -1614, -10105), (-29, 376, -38)]
[(-13432, -1640, -10132), (-30, 373, -25)]
[(-13432, -1640, -10132), (-30, 373, -25)]
[(-13432, -1640, -10132), (-30, 373, -25)]
[(-13432, -1640, -10132), (-30, 373, -25)]
[(-13432, -1640, -10132), (-30, 373, -25)]
[(-13432, -1640, -10132), (-30, 373, -25)]
[(-13432, -1640, -10132), (-30, 373, -25)]
[(-13432, -1640, -10132), (-30, 373, -25)]
[(-13432, -1640, -10132), (-30, 373, -25)]
[(-13420, -1660, -10137), (-34, 401, -5)]
[(-13420, -1660, -10137), (-34, 401, -5)]
[(-13420, -1660, -10137), (-34, 401, -5)]
[(-13420, -1660, -10137), (-34, 401, -5)]
[(-13420, -1660, -10137), (-34, 401, -5)]
[(-13420, -1660, -10137), (-34, 401, -5)]
[(-13420, -1660, -10137), (-34, 401, -5)]
[(-13420, -1660, -10137), (-34, 401, -5)]
[(-13420, -1660, -10137), (-34, 401, -5)]
[(-13420, -1660, -10137), (-34, 401, -5)]
[(-13420, -1660, -10137), (-34, 401, -5)]
[(-13412, -1652, -10129), (-83, 381, -7)]
[(-13412, -1652, -10129), (-83, 381, -7)]
[(-13412, -1652, -10129), (-83, 381, -7)]
[(-13414, -1640, -10144), (-42, 505, 21)]
[(-13414, -1640, -10144), (-42, 505, 21)]
[(-13414, -1640, -10144), (-42, 505, 21)]
[(-13414, -1640, -10144), (-42, 505, 21)]
[(-13414, -1640, -10144), (-42, 505, 21)]
[(-13414, -1640, -10144), (-42, 505, 21)]
[(-13414, -1640, -10144), (-42, 505, 21)]
[(-13414, -1640, -10144), (-42, 505, 21)]
[(-13397, -1643, -10149), (-20, 489, 11)]
[(-13397, -1643, -10149), (-20, 489, 11)]
[(-13397, -1643, -10149), (-20, 489, 11)]
[(-13397, -1643, -10149), (-20, 489, 11)]
[(-13397, -1643, -10149), (-20, 489, 11)]
[(-13393, -1638, -10185), (-46, 403, -3)]
[(-13393, -1638, -10185), (-46, 403, -3)]
[(-13393, -1638, -10185), (-46, 403, -3)]
[(-13393, -1638, -10185), (-46, 403, -3)]
[(-13393, -1638, -10185), (-46, 403, -3)]
[(-13396, -1676, -10192), (-33, 374, 1)]
[(-13396, -1676, -10192), (-33, 374, 1)]
[(-13396, -1676, -10192), (-33, 374, 1)]
[(-13396, -1676, -10192), (-33, 374, 1)]
[(-13396, -1676, -10192), (-33, 374, 1)]
[(-13396, -1676, -10192), (-33, 374, 1)]
[(-13396, -1676, -10192), (-33, 374, 1)]
[(-13396, -1676, -10192), (-33, 374, 1)]
[(-13599, -1688, -10036), (217, 234, 122)]
[(-13599, -1688, -10036), (217, 234, 122)]
[(-13599, -1688, -10036), (217, 234, 122)]
[(-13599, -1688, -10036), (217, 234, 122)]
[(-13599, -1688, -10036), (217, 234, 122)]
[(-13556, -1689, -10049), (146, 239, 102)]
[(-13556, -1689, -10049), (146, 239, 102)]
[(-13556, -1689, -10049), (146, 239, 102)]
[(-13556, -1689, -10049), (146, 239, 102)]
[(-13556, -1689, -10049), (146, 239, 102)]
[(-13512, -1689, -10042), (92, 267, 59)]
[(-13512, -1689, -10042), (92, 267, 59)]
[(-13512, -1689, -10042), (92, 267, 59)]
[(-13512, -1689, -10042), (92, 267, 59)]
[(-13512, -1689, -10042), (92, 267, 59)]
[(-13512, -1689, -10042), (92, 267, 59)]
[(-13512, -1689, -10042), (92, 267, 59)]
[(-13512, -1689, -10042), (92, 267, 59)]
[(-13483, -1680, -10052), (250, 372, 101)]
[(-13483, -1680, -10052), (250, 372, 101)]
[(-13483, -1680, -10052), (250, 372, 101)]
[(-13483, -1680, -10052), (250, 372, 101)]
[(-13483, -1680, -10052), (250, 372, 101)]
[(-13483, -1680, -10052), (250, 372, 101)]
[(-13483, -1680, -10052), (250, 372, 101)]
[(-13483, -1680, -10052), (250, 372, 101)]
[(-13483, -1680, -10052), (250, 372, 101)]
[(-13489, -1732, -10056), (345, 113, 31)]
[(-13489, -1732, -10056), (345, 113, 31)]
[(-13465, -1713, -10098), (-57, 166, -23)]
[(-13465, -1713, -10098), (-57, 166, -23)]
[(-13465, -1713, -10098), (-57, 166, -23)]
[(-13465, -1713, -10098), (-57, 166, -23)]
[(-13465, -1713, -10098), (-57, 166, -23)]
[(-13465, -1713, -10098), (-57, 166, -23)]
[(-13465, -1713, -10098), (-57, 166, -23)]
[(-13465, -1713, -10098), (-57, 166, -23)]
[(-13452, -1716, -10084), (-118, 210, -33)]
[(-13452, -1716, -10084), (-118, 210, -33)]
[(-13452, -1716, -10084), (-118, 210, -33)]
[(-13452, -1716, -10084), (-118, 210, -33)]
[(-13452, -1716, -10084), (-118, 210, -33)]
[(-13452, -1716, -10084), (-118, 210, -33)]
[(-13452, -1716, -10084), (-118, 210, -33)]
[(-13452, -1716, -10084), (-118, 210, -33)]
[(-13452, -1716, -10084), (-118, 210, -33)]
[(-13452, -1698, -10104), (-150, 272, -25)]
[(-13452, -1698, -10104), (-150, 272, -25)]
[(-13452, -1698, -10104), (-150, 272, -25)]
[(-13452, -1698, -10104), (-150, 272, -25)]
[(-13452, -1698, -10104), (-150, 272, -25)]
[(-13452, -1698, -10104), (-150, 272, -25)]
[(-13452, -1698, -10104), (-150, 272, -25)]
[(-13452, -1698, -10104), (-150, 272, -25)]
[(-13452, -1698, -10104), (-150, 272, -25)]
[(-13412, -1713, -10105), (-61, 355, -15)]
[(-13387, -1716, -10139), (-3, 377, 3)]
[(-13387, -1716, -10139), (-3, 377, 3)]
[(-13387, -1716, -10139), (-3, 377, 3)]
[(-13387, -1716, -10139), (-3, 377, 3)]
[(-13387, -1716, -10139), (-3, 377, 3)]
[(-13387, -1716, -10139), (-3, 377, 3)]
[(-13387, -1716, -10139), (-3, 377, 3)]
[(-13384, -1671, -10194), (-51, 310, 0)]
[(-13384, -1671, -10194), (-51, 310, 0)]
[(-13415, -1677, -10164), (-117, 248, -3)]
[(-13415, -1677, -10164), (-117, 248, -3)]
[(-13415, -1677, -10164), (-117, 248, -3)]
[(-13415, -1677, -10164), (-117, 248, -3)]
[(-13415, -1677, -10164), (-117, 248, -3)]
[(-13415, -1677, -10164), (-117, 248, -3)]
[(-13415, -1677, -10164), (-117, 248, -3)]
[(-13421, -1641, -10130), (-117, 261, -33)]
[(-13421, -1641, -10130), (-117, 261, -33)]
[(-13421, -1641, -10130), (-117, 261, -33)]
[(-13421, -1641, -10130), (-117, 261, -33)]
[(-13421, -1641, -10130), (-117, 261, -33)]
[(-13444, -1633, -10090), (-103, 281, -17)]
[(-13444, -1633, -10090), (-103, 281, -17)]
[(-13444, -1633, -10090), (-103, 281, -17)]
[(-13444, -1633, -10090), (-103, 281, -17)]
[(-13444, -1633, -10090), (-103, 281, -17)]
[(-13444, -1633, -10090), (-103, 281, -17)]
[(-13444, -1633, -10090), (-103, 281, -17)]
[(-13419, -1631, -10097), (-65, 369, 15)]
[(-13419, -1631, -10097), (-65, 369, 15)]
[(-13419, -1631, -10097), (-65, 369, 15)]
[(-13419, -1631, -10097), (-65, 369, 15)]
[(-13410, -1632, -10135), (-7, 411, 6)]
[(-13410, -1632, -10135), (-7, 411, 6)]
[(-13410, -1632, -10135), (-7, 411, 6)]
[(-13410, -1632, -10135), (-7, 411, 6)]
[(-13410, -1632, -10135), (-7, 411, 6)]
[(-13410, -1632, -10135), (-7, 411, 6)]
[(-13410, -1632, -10135), (-7, 411, 6)]
[(-13393, -1618, -10147), (-44, 387, -21)]
[(-13393, -1618, -10147), (-44, 387, -21)]