[(-13148, -2318, -10280), (-38, 378, 12)]
[(-13144, -2319, -10308), (-57, 376, -1)]
[(-13144, -2319, -10308), (-57, 376, -1)]
[(-13144, -2319, -10308), (-57, 376, -1)]
[(-13144, -2319, -10308), (-57, 376, -1)]
[(-13144, -2319, -10308), (-57, 376, -1)]
[(-13134, -2308, -10300), (-68, 371, 4)]
[(-13134, -2308, -10300), (-68, 371, 4)]
[(-13134, -2308, -10300), (-68, 371, 4)]
[(-13134, -2308, -10300), (-68, 371, 4)]
[(-13134, -2308, -10300), (-68, 371, 4)]
[(-13134, -2308, -10300), (-68, 371, 4)]
[(-13134, -2308, -10300), (-68, 371, 4)]
[(-13134, -2308, -10300), (-68, 371, 4)]
[(-13141, -2311, -10286), (-54, 372, 0)]
[(-13141, -2311, -10286), (-54, 372, 0)]
[(-13141, -2311, -10286), (-54, 372, 0)]
[(-13141, -2311, -10286), (-54, 372, 0)]
[(-13141, -2311, -10286), (-54, 372, 0)]
[(-13150, -2303, -10294), (-78, 364, -15)]
[(-13150, -2303, -10294), (-78, 364, -15)]
[(-13150, -2303, -10294), (-78, 364, -15)]
[(-13150, -2303, -10294), (-78, 364, -15)]
[(-13150, -2303, -10294), (-78, 364, -15)]
[(-13150, -2303, -10294), (-78, 364, -15)]
[(-13148, -2332, -10292), (-94, 365, -18)]
[(-13148, -2332, -10292), (-94, 365, -18)]
[(-13148, -2332, -10292), (-94, 365, -18)]
[(-13148, -2332, -10292), (-94, 365, -18)]
[(-13148, -2332, -10292), (-94, 365, -18)]
[(-13138, -2312, -10270), (-100, 363, -12)]
[(-13138, -2312, -10270), (-100, 363, -12)]
[(-13138, -2312, -10270), (-100, 363, -12)]
[(-13138, -2312, -10270), (-100, 363, -12)]
[(-13138, -2312, -10270), (-100, 363, -12)]
[(-13138, -2312, -10270), (-100, 363, -12)]
[(-13138, -2312, -10270), (-100, 363, -12)]
[(-13138, -2312, -10270), (-100, 363, -12)]
[(-13138, -2312, -10270), (-100, 363, -12)]
[(-13160, -2316, -10269), (-82, 328, -19)]
[(-13160, -2316, -10269), (-82, 328, -19)]
[(-13160, -2316, -10269), (-82, 328, -19)]
[(-13160, -2316, -10269), (-82, 328, -19)]
[(-13171, -2324, -10294), (-117, 314, -17)]
[(-13171, -2324, -10294), (-117, 314, -17)]
[(-13171, -2324, -10294), (-117, 314, -17)]
[(-13171, -2324, -10294), (-117, 314, -17)]
[(-13171, -2324, -10294), (-117, 314, -17)]
[(-13164, -2338, -10277), (-118, 319, -24)]
[(-13164, -2338, -10277), (-118, 319, -24)]
[(-13164, -2338, -10277), (-118, 319, -24)]
[(-13164, -2338, -10277), (-118, 319, -24)]
[(-13164, -2338, -10277), (-118, 319, -24)]
[(-13164, -2338, -10277), (-118, 319, -24)]
[(-13164, -2338, -10277), (-118, 319, -24)]
[(-13172, -2317, -10272), (-120, 328, -15)]
[(-13172, -2317, -10272), (-120, 328, -15)]
[(-13172, -2317, -10272), (-120, 328, -15)]
[(-13172, -2317, -10272), (-120, 328, -15)]
[(-13172, -2317, -10272), (-120, 328, -15)]
[(-13172, -2317, -10272), (-120, 328, -15)]
[(-13174, -2312, -10304), (-128, 366, 0)]
[(-13174, -2312, -10304), (-128, 366, 0)]
[(-13174, -2312, -10304), (-128, 366, 0)]
[(-13174, -2312, -10304), (-128, 366, 0)]
[(-13174, -2312, -10304), (-128, 366, 0)]
[(-13204, -2292, -10308), (-114, 382, 3)]
[(-13204, -2292, -10308), (-114, 382, 3)]
[(-13204, -2292, -10308), (-114, 382, 3)]
[(-13204, -2292, -10308), (-114, 382, 3)]
[(-13204, -2292, -10308), (-114, 382, 3)]
[(-13188, -2276, -10295), (-139, 378, 0)]
[(-13188, -2276, -10295), (-139, 378, 0)]
[(-13188, -2276, -10295), (-139, 378, 0)]
[(-13188, -2276, -10295), (-139, 378, 0)]
[(-13188, -2276, -10295), (-139, 378, 0)]
[(-13188, -2276, -10295), (-139, 378, 0)]
[(-13188, -2276, -10295), (-139, 378, 0)]
[(-13188, -2276, -10295), (-139, 378, 0)]
[(-13204, -2278, -10294), (-130, 384, 9)]
[(-13204, -2278, -10294), (-130, 384, 9)]
[(-13204, -2278, -10294), (-130, 384, 9)]
[(-13204, -2278, -10294), (-130, 384, 9)]
[(-13204, -2278, -10294), (-130, 384, 9)]
[(-13195, -2261, -10327), (-117, 395, 14)]
[(-13195, -2261, -10327), (-117, 395, 14)]
[(-13195, -2261, -10327), (-117, 395, 14)]
[(-13195, -2261, -10327), (-117, 395, 14)]
[(-13195, -2261, -10327), (-117, 395, 14)]
[(-13181, -2276, -10326), (-108, 353, 1)]
[(-13181, -2276, -10326), (-108, 353, 1)]
[(-13181, -2276, -10326), (-108, 353, 1)]
[(-13181, -2276, -10326), (-108, 353, 1)]
[(-13181, -2276, -10326), (-108, 353, 1)]
[(-13181, -2276, -10326), (-108, 353, 1)]
[(-13181, -2276, -10326), (-108, 353, 1)]
[(-13181, -2276, -10326), (-108, 353, 1)]
[(-13172, -2260, -10316), (-106, 342, 4)]
[(-13172, -2260, -10316), (-106, 342, 4)]
[(-13172, -2260, -10316), (-106, 342, 4)]
[(-13172, -2260, -10316), (-106, 342, 4)]
[(-13172, -2260, -10316), (-106, 342, 4)]
[(-13202, -2264, -10296), (-87, 339, -4)]
[(-13202, -2264, -10296), (-87, 339, -4)]
[(-13202, -2264, -10296), (-87, 339, -4)]
[(-13202, -2264, -10296), (-87, 339, -4)]
[(-13202, -2264, -10296), (-87, 339, -4)]
[(-13163, -2254, -10322), (-97, 342, 4)]
[(-13163, -2254, -10322), (-97, 342, 4)]
[(-13163, -2254, -10322), (-97, 342, 4)]
[(-13163, -2254, -10322), (-97, 342, 4)]
[(-13163, -2254, -10322), (-97, 342, 4)]
[(-13163, -2254, -10322), (-97, 342, 4)]
[(-13163, -2254, -10322), (-97, 342, 4)]
[(-13163, -2254, -10322), (-97, 342, 4)]
[(-13176, -2236, -10290), (-95, 350, 6)]
[(-13176, -2236, -10290), (-95, 350, 6)]
[(-13176, -2236, -10290), (-95, 350, 6)]
[(-13176, -2236, -10290), (-95, 350, 6)]
[(-13176, -2236, -10290), (-95, 350, 6)]
[(-13178, -2246, -10301), (-75, 368, -6)]
[(-13178, -2246, -10301), (-75, 368, -6)]
[(-13178, -2246, -10301), (-75, 368, -6)]
[(-13178, -2246, -10301), (-75, 368, -6)]
[(-13178, -2246, -10301), (-75, 368, -6)]
[(-13172, -2230, -10267), (-91, 370, -17)]
[(-13172, -2230, -10267), (-91, 370, -17)]
[(-13172, -2230, -10267), (-91, 370, -17)]
[(-13172, -2230, -10267), (-91, 370, -17)]
[(-13172, -2230, -10267), (-91, 370, -17)]
[(-13172, -2230, -10267), (-91, 370, -17)]
[(-13172, -2230, -10267), (-91, 370, -17)]
[(-13172, -2230, -10267), (-91, 370, -17)]
[(-13181, -2243, -10260), (-77, 386, -15)]
[(-13181, -2243, -10260), (-77, 386, -15)]
[(-13181, -2243, -10260), (-77, 386, -15)]
[(-13181, -2243, -10260), (-77, 386, -15)]
[(-13181, -2243, -10260), (-77, 386, -15)]
[(-13180, -2249, -10288), (-57, 405, -13)]
[(-13180, -2249, -10288), (-57, 405, -13)]
[(-13180, -2249, -10288), (-57, 405, -13)]
[(-13180, -2249, -10288), (-57, 405, -13)]
[(-13180, -2249, -10288), (-57, 405, -13)]
[(-13167, -2256, -10283), (-64, 413, -13)]
[(-13167, -2256, -10283), (-64, 413, -13)]
[(-13167, -2256, -10283), (-64, 413, -13)]
[(-13167, -2256, -10283), (-64, 413, -13)]
[(-13167, -2256, -10283), (-64, 413, -13)]
[(-13167, -2256, -10283), (-64, 413, -13)]
[(-13167, -2256, -10283), (-64, 413, -13)]
[(-13167, -2256, -10283), (-64, 413, -13)]
[(-13164, -2285, -10308), (-45, 377, -35)]
[(-13164, -2285, -10308), (-45, 377, -35)]
[(-13164, -2285, -10308), (-45, 377, -35)]
[(-13164, -2285, -10308), (-45, 377, -35)]
[(-13164, -2285, -10308), (-45, 377, -35)]
[(-13168, -2266, -10306), (-58, 367, -32)]
[(-13168, -2266, -10306), (-58, 367, -32)]
[(-13168, -2266, -10306), (-58, 367, -32)]
[(-13168, -2266, -10306), (-58, 367, -32)]
[(-13168, -2266, -10306), (-58, 367, -32)]
[(-13198, -2297, -10261), (-52, 359, -29)]
[(-13198, -2297, -10261), (-52, 359, -29)]
[(-13198, -2297, -10261), (-52, 359, -29)]
[(-13198, -2297, -10261), (-52, 359, -29)]
[(-13198, -2297, -10261), (-52, 359, -29)]
[(-13198, -2297, -10261), (-52, 359, -29)]
[(-13198, -2297, -10261), (-52, 359, -29)]
[(-13198, -2297, -10261), (-52, 359, -29)]
[(-13205, -2301, -10261), (-60, 391, -22)]
[(-13205, -2301, -10261), (-60, 391, -22)]
[(-13205, -2301, -10261), (-60, 391, -22)]
[(-13205, -2301, -10261), (-60, 391, -22)]
[(-13205, -2301, -10261), (-60, 391, -22)]
[(-13190, -2284, -10242), (-62, 405, -8)]
[(-13190, -2284, -10242), (-62, 405, -8)]
[(-13190, -2284, -10242), (-62, 405, -8)]
[(-13190, -2284, -10242), (-62, 405, -8)]
[(-13190, -2284, -10242), (-62, 405, -8)]
[(-13190, -2284, -10242), (-62, 405, -8)]
[(-13190, -2284, -10242), (-62, 405, -8)]
[(-13190, -2284, -10242), (-62, 405, -8)]
[(-13190, -2284, -10242), (-62, 405, -8)]
[(-13204, -2280, -10291), (-58, 410, -20)]
[(-13204, -2280, -10291), (-58, 410, -20)]
[(-13204, -2280, -10291), (-58, 410, -20)]
[(-13204, -2280, -10291), (-58, 410, -20)]
[(-13204, -2280, -10291), (-58, 410, -20)]
[(-13201, -2278, -10277), (-84, 395, -20)]
[(-13201, -2278, -10277), (-84, 395, -20)]
[(-13201, -2278, -10277), (-84, 395, -20)]
[(-13201, -2278, -10277), (-84, 395, -20)]
[(-13189, -2293, -10284), (-83, 388, -12)]
[(-13189, -2293, -10284), (-83, 388, -12)]
[(-13189, -2293, -10284), (-83, 388, -12)]
[(-13189, -2293, -10284), (-83, 388, -12)]
[(-13189, -2293, -10284), (-83, 388, -12)]
[(-13183, -2282, -10276), (298, 483, 36)]
[(-13183, -2282, -10276), (298, 483, 36)]
[(-13183, -2282, -10276), (298, 483, 36)]
[(-13183, -2282, -10276), (298, 483, 36)]
[(-13183, -2282, -10276), (298, 483, 36)]
[(-13183, -2282, -10276), (298, 483, 36)]
[(-13183, -2282, -10276), (298, 483, 36)]
[(-13183, -2282, -10276), (298, 483, 36)]
[(-13221, -2354, -10217), (558, 83, -21)]
[(-13221, -2354, -10217), (558, 83, -21)]
[(-13221, -2354, -10217), (558, 83, -21)]
[(-13221, -2354, -10217), (558, 83, -21)]
[(-13221, -2354, -10217), (558, 83, -21)]
[(-13268, -2419, -10165), (372, 57, -75)]
[(-13268, -2419, -10165), (372, 57, -75)]
[(-13268, -2419, -10165), (372, 57, -75)]
[(-13268, -2419, -10165), (372, 57, -75)]
[(-13268, -2419, -10165), (372, 57, -75)]
[(-13294, -2501, -10124), (296, 55, -52)]
[(-13294, -2501, -10124), (296, 55, -52)]
[(-13294, -2501, -10124), (296, 55, -52)]
[(-13294, -2501, -10124), (296, 55, -52)]
[(-13294, -2501, -10124), (296, 55, -52)]
[(-13294, -2501, -10124), (296, 55, -52)]
[(-13310, -2516, -10056), (89, 121, -35)]
[(-13310, -2516, -10056), (89, 121, -35)]
[(-13310, -2516, -10056), (89, 121, -35)]
[(-13310, -2516, -10056), (89, 121, -35)]
[(-13310, -2516, -10056), (89, 121, -35)]
[(-13310, -2516, -10056), (89, 121, -35)]
[(-13310, -2516, -10056), (89, 121, -35)]
[(-13348, -2541, -9988), (47, 159, -5)]
[(-13348, -2541, -9988), (47, 159, -5)]
[(-13348, -2541, -9988), (47, 159, -5)]
[(-13348, -2541, -9988), (47, 159, -5)]
[(-13348, -2541, -9988), (47, 159, -5)]
[(-13336, -2492, -9968), (-144, 249, 43)]
[(-13336, -2492, -9968), (-144, 249, 43)]
[(-13336, -2492, -9968), (-144, 249, 43)]
[(-13336, -2492, -9968), (-144, 249, 43)]
[(-13336, -2492, -9968), (-144, 249, 43)]
[(-13336, -2492, -9968), (-144, 249, 43)]
[(-13336, -2492, -9968), (-144, 249, 43)]
[(-13336, -2492, -9968), (-144, 249, 43)]
[(-13353, -2485, -9957), (-263, 343, 73)]
[(-13353, -2485, -9957), (-263, 343, 73)]
[(-13353, -2485, -9957), (-263, 343, 73)]
[(-13353, -2485, -9957), (-263, 343, 73)]
[(-13353, -2485, -9957), (-263, 343, 73)]
[(-13338, -2424, -10032), (-610, 628, 97)]
[(-13338, -2424, -10032), (-610, 628, 97)]
[(-13338, -2424, -10032), (-610, 628, 97)]
[(-13338, -2424, -10032), (-610, 628, 97)]
[(-13338, -2424, -10032), (-610, 628, 97)]
[(-13316, -2339, -10052), (-535, 517, 35)]
[(-13316, -2339, -10052), (-535, 517, 35)]
[(-13316, -2339, -10052), (-535, 517, 35)]
[(-13316, -2339, -10052), (-535, 517, 35)]
[(-13316, -2339, -10052), (-535, 517, 35)]
[(-13316, -2339, -10052), (-535, 517, 35)]
[(-13316, -2339, -10052), (-535, 517, 35)]
[(-13316, -2339, -10052), (-535, 517, 35)]
[(-13321, -2332, -10061), (-494, 475, 24)]
[(-13321, -2332, -10061), (-494, 475, 24)]
[(-13321, -2332, -10061), (-494, 475, 24)]
[(-13321, -2332, -10061), (-494, 475, 24)]
[(-13321, -2332, -10061), (-494, 475, 24)]
[(-13321, -2304, -10027), (-456, 435, 43)]
[(-13321, -2304, -10027), (-456, 435, 43)]
[(-13321, -2304, -10027), (-456, 435, 43)]
[(-13321, -2304, -10027), (-456, 435, 43)]
[(-13321, -2304, -10027), (-456, 435, 43)]
[(-13317, -2295, -10043), (-392, 414, 64)]
[(-13317, -2295, -10043), (-392, 414, 64)]
[(-13317, -2295, -10043), (-392, 414, 64)]
[(-13317, -2295, -10043), (-392, 414, 64)]
[(-13317, -2295, -10043), (-392, 414, 64)]
[(-13317, -2295, -10043), (-392, 414, 64)]
[(-13318, -2226, -10032), (-355, 431, 76)]
[(-13318, -2226, -10032), (-355, 431, 76)]
[(-13318, -2226, -10032), (-355, 431, 76)]
[(-13318, -2226, -10032), (-355, 431, 76)]
[(-13318, -2226, -10032), (-355, 431, 76)]
[(-13318, -2226, -10032), (-355, 431, 76)]
[(-13318, -2226, -10032), (-355, 431, 76)]
[(-13327, -2218, -9958), (97, 390, 74)]
[(-13327, -2218, -9958), (97, 390, 74)]
[(-13327, -2218, -9958), (97, 390, 74)]
[(-13327, -2218, -9958), (97, 390, 74)]
[(-13327, -2218, -9958), (97, 390, 74)]
[(-13327, -2218, -9958), (97, 390, 74)]
[(-13327, -2218, -9958), (97, 390, 74)]
[(-13314, -2196, -9981), (-222, 459, 29)]
[(-13314, -2196, -9981), (-222, 459, 29)]
[(-13314, -2196, -9981), (-222, 459, 29)]
[(-13314, -2196, -9981), (-222, 459, 29)]
[(-13292, -2183, -9997), (-376, 494, 3)]
[(-13292, -2183, -9997), (-376, 494, 3)]
[(-13292, -2183, -9997), (-376, 494, 3)]
[(-13292, -2183, -9997), (-376, 494, 3)]
[(-13292, -2183, -9997), (-376, 494, 3)]
[(-13292, -2183, -9997), (-376, 494, 3)]
[(-13292, -2183, -9997), (-376, 494, 3)]
[(-13308, -2148, -10024), (-411, 548, 2)]
[(-13308, -2148, -10024), (-411, 548, 2)]
[(-13308, -2148, -10024), (-411, 548, 2)]
[(-13308, -2148, -10024), (-411, 548, 2)]
[(-13308, -2148, -10024), (-411, 548, 2)]
[(-13288, -2114, -10063), (-282, 518, 0)]
[(-13288, -2114, -10063), (-282, 518, 0)]
[(-13288, -2114, -10063), (-282, 518, 0)]
[(-13288, -2114, -10063), (-282, 518, 0)]
[(-13288, -2114, -10063), (-282, 518, 0)]
[(-13288, -2114, -10063), (-282, 518, 0)]
[(-13310, -2075, -10088), (-223, 415, -46)]
[(-13310, -2075, -10088), (-223, 415, -46)]
[(-13310, -2075, -10088), (-223, 415, -46)]
[(-13310, -2075, -10088), (-223, 415, -46)]
[(-13310, -2075, -10088), (-223, 415, -46)]
[(-13310, -2075, -10088), (-223, 415, -46)]
[(-13310, -2075, -10088), (-223, 415, -46)]
[(-13280, -2136, -10072), (-8, 439, -78)]
[(-13280, -2136, -10072), (-8, 439, -78)]
[(-13280, -2136, -10072), (-8, 439, -78)]
[(-13280, -2136, -10072), (-8, 439, -78)]
[(-13280, -2136, -10072), (-8, 439, -78)]
[(-13280, -2136, -10072), (-8, 439, -78)]
[(-13280, -2136, -10072), (-8, 439, -78)]
[(-13330, -2074, -10103), (-96, 383, -47)]
[(-13330, -2074, -10103), (-96, 383, -47)]
[(-13330, -2074, -10103), (-96, 383, -47)]
[(-13330, -2074, -10103), (-96, 383, -47)]
[(-13331, -2135, -10062), (-142, 334, -87)]
[(-13331, -2135, -10062), (-142, 334, -87)]
[(-13331, -2135, -10062), (-142, 334, -87)]
[(-13331, -2135, -10062), (-142, 334, -87)]
[(-13331, -2135, -10062), (-142, 334, -87)]
[(-13331, -2135, -10062), (-142, 334, -87)]
[(-13331, -2135, -10062), (-142, 334, -87)]
[(-13344, -2143, -10045), (-93, 353, -73)]
[(-13344, -2143, -10045), (-93, 353, -73)]
[(-13344, -2143, -10045), (-93, 353, -73)]
[(-13344, -2143, -10045), (-93, 353, -73)]
[(-13344, -2143, -10045), (-93, 353, -73)]
[(-13352, -2141, -10028), (-124, 327, -57)]
[(-13352, -2141, -10028), (-124, 327, -57)]
[(-13352, -2141, -10028), (-124, 327, -57)]
[(-13352, -2141, -10028), (-124, 327, -57)]
[(-13352, -2141, -10028), (-124, 327, -57)]
[(-13352, -2141, -10028), (-124, 327, -57)]
[(-13330, -2135, -10060), (-212, 362, -31)]
[(-13330, -2135, -10060), (-212, 362, -31)]
[(-13330, -2135, -10060), (-212, 362, -31)]
[(-13330, -2135, -10060), (-212, 362, -31)]
[(-13330, -2135, -10060), (-212, 362, -31)]
[(-13330, -2135, -10060), (-212, 362, -31)]
[(-13330, -2135, -10060), (-212, 362, -31)]
[(-13322, -2108, -10079), (-163, 383, 13)]
[(-13322, -2108, -10079), (-163, 383, 13)]
[(-13322, -2108, -10079), (-163, 383, 13)]
[(-13322, -2108, -10079), (-163, 383, 13)]
[(-13322, -2108, -10079), (-163, 383, 13)]
[(-13334, -2098, -10068), (-125, 406, -16)]
[(-13334, -2098, -10068), (-125, 406, -16)]
[(-13334, -2098, -10068), (-125, 406, -16)]
[(-13334, -2098, -10068), (-125, 406, -16)]
[(-13334, -2098, -10068), (-125, 406, -16)]
[(-13334, -2098, -10068), (-125, 406, -16)]
[(-13334, -2098, -10068), (-125, 406, -16)]
[(-13334, -2098, -10068), (-125, 406, -16)]
[(-13352, -2092, -10079), (-152, 378, -19)]
[(-13352, -2092, -10079), (-152, 378, -19)]
[(-13352, -2092, -10079), (-152, 378, -19)]
[(-13357, -2112, -10073), (-186, 402, 7)]
[(-13357, -2112, -10073), (-186, 402, 7)]
[(-13357, -2112, -10073), (-186, 402, 7)]
[(-13357, -2112, -10073), (-186, 402, 7)]
[(-13357, -2112, -10073), (-186, 402, 7)]
[(-13357, -2112, -10073), (-186, 402, 7)]
[(-13357, -2112, -10073), (-186, 402, 7)]
[(-13331, -2095, -10071), (-127, 381, 23)]
[(-13331, -2095, -10071), (-127, 381, 23)]
[(-13331, -2095, -10071), (-127, 381, 23)]