[(-5312, 15179, -4208), (-5, 2, -105)]
[(-5234, 15201, -4309), (-4, 3, -106)]
[(-5234, 15201, -4309), (-4, 3, -106)]
[(-5234, 15201, -4309), (-4, 3, -106)]
[(-5234, 15201, -4309), (-4, 3, -106)]
[(-5234, 15201, -4309), (-4, 3, -106)]
[(-5234, 15201, -4309), (-4, 3, -106)]
[(-5199, 15239, -4350), (-3, 4, -108)]
[(-5199, 15239, -4350), (-3, 4, -108)]
[(-5199, 15239, -4350), (-3, 4, -108)]
[(-5199, 15239, -4350), (-3, 4, -108)]
[(-5199, 15239, -4350), (-3, 4, -108)]
[(-5132, 15227, -4388), (-2, 5, -110)]
[(-5132, 15227, -4388), (-2, 5, -110)]
[(-5132, 15227, -4388), (-2, 5, -110)]
[(-5132, 15227, -4388), (-2, 5, -110)]
[(-5132, 15227, -4388), (-2, 5, -110)]
[(-5132, 15227, -4388), (-2, 5, -110)]
[(-5095, 15291, -4413), (-2, 5, -109)]
[(-5095, 15291, -4413), (-2, 5, -109)]
[(-5095, 15291, -4413), (-2, 5, -109)]
[(-5095, 15291, -4413), (-2, 5, -109)]
[(-5095, 15291, -4413), (-2, 5, -109)]
[(-5095, 15291, -4413), (-2, 5, -109)]
[(-5095, 15291, -4413), (-2, 5, -109)]
[(-5071, 15296, -4435), (-1, 6, -108)]
[(-5071, 15296, -4435), (-1, 6, -108)]
[(-5071, 15296, -4435), (-1, 6, -108)]
[(-5071, 15296, -4435), (-1, 6, -108)]
[(-5071, 15296, -4435), (-1, 6, -108)]
[(-4999, 15264, -4514), (-2, 6, -108)]
[(-4999, 15264, -4514), (-2, 6, -108)]
[(-4999, 15264, -4514), (-2, 6, -108)]
[(-4999, 15264, -4514), (-2, 6, -108)]
[(-4999, 15264, -4514), (-2, 6, -108)]
[(-4999, 15264, -4514), (-2, 6, -108)]
[(-5044, 15320, -4460), (-2, 7, -108)]
[(-5044, 15320, -4460), (-2, 7, -108)]
[(-5044, 15320, -4460), (-2, 7, -108)]
[(-5044, 15320, -4460), (-2, 7, -108)]
[(-5044, 15320, -4460), (-2, 7, -108)]
[(-5044, 15320, -4460), (-2, 7, -108)]
[(-5044, 15320, -4460), (-2, 7, -108)]
[(-5065, 15288, -4487), (-1, 8, -109)]
[(-5065, 15288, -4487), (-1, 8, -109)]
[(-5065, 15288, -4487), (-1, 8, -109)]
[(-5065, 15288, -4487), (-1, 8, -109)]
[(-5065, 15288, -4487), (-1, 8, -109)]
[(-5006, 15258, -4550), (-2, 8, -108)]
[(-5006, 15258, -4550), (-2, 8, -108)]
[(-5006, 15258, -4550), (-2, 8, -108)]
[(-5006, 15258, -4550), (-2, 8, -108)]
[(-5006, 15258, -4550), (-2, 8, -108)]
[(-5006, 15258, -4550), (-2, 8, -108)]
[(-4952, 15253, -4686), (-3, 9, -107)]
[(-4952, 15253, -4686), (-3, 9, -107)]
[(-4952, 15253, -4686), (-3, 9, -107)]
[(-4952, 15253, -4686), (-3, 9, -107)]
[(-4952, 15253, -4686), (-3, 9, -107)]
[(-4952, 15253, -4686), (-3, 9, -107)]
[(-4952, 15253, -4686), (-3, 9, -107)]
[(-4920, 15241, -4686), (-3, 10, -107)]
[(-4920, 15241, -4686), (-3, 10, -107)]
[(-4920, 15241, -4686), (-3, 10, -107)]
[(-4920, 15241, -4686), (-3, 10, -107)]
[(-4920, 15241, -4686), (-3, 10, -107)]
[(-4885, 15205, -4780), (-3, 11, -107)]
[(-4885, 15205, -4780), (-3, 11, -107)]
[(-4885, 15205, -4780), (-3, 11, -107)]
[(-4885, 15205, -4780), (-3, 11, -107)]
[(-4885, 15205, -4780), (-3, 11, -107)]
[(-4885, 15205, -4780), (-3, 11, -107)]
[(-4928, 15202, -4716), (-3, 12, -106)]
[(-4928, 15202, -4716), (-3, 12, -106)]
[(-4928, 15202, -4716), (-3, 12, -106)]
[(-4928, 15202, -4716), (-3, 12, -106)]
[(-4928, 15202, -4716), (-3, 12, -106)]
[(-4994, 15192, -4632), (-4, 12, -106)]
[(-4994, 15192, -4632), (-4, 12, -106)]
[(-4994, 15192, -4632), (-4, 12, -106)]
[(-4994, 15192, -4632), (-4, 12, -106)]
[(-4994, 15192, -4632), (-4, 12, -106)]
[(-4994, 15192, -4632), (-4, 12, -106)]
[(-4994, 15192, -4632), (-4, 12, -106)]
[(-4994, 15192, -4632), (-4, 12, -106)]
[(-5015, 15136, -4588), (-4, 12, -107)]
[(-5015, 15136, -4588), (-4, 12, -107)]
[(-5015, 15136, -4588), (-4, 12, -107)]
[(-5015, 15136, -4588), (-4, 12, -107)]
[(-5015, 15136, -4588), (-4, 12, -107)]
[(-5128, 15194, -4630), (-4, 12, -106)]
[(-5128, 15194, -4630), (-4, 12, -106)]
[(-5128, 15194, -4630), (-4, 12, -106)]
[(-5128, 15194, -4630), (-4, 12, -106)]
[(-5128, 15194, -4630), (-4, 12, -106)]
[(-5157, 15130, -4625), (-5, 9, -106)]
[(-5157, 15130, -4625), (-5, 9, -106)]
[(-5157, 15130, -4625), (-5, 9, -106)]
[(-5157, 15130, -4625), (-5, 9, -106)]
[(-5157, 15130, -4625), (-5, 9, -106)]
[(-5157, 15130, -4625), (-5, 9, -106)]
[(-5157, 15130, -4625), (-5, 9, -106)]
[(-5162, 15092, -4662), (-2, 8, -115)]
[(-5162, 15092, -4662), (-2, 8, -115)]
[(-5162, 15092, -4662), (-2, 8, -115)]
[(-5162, 15092, -4662), (-2, 8, -115)]
[(-5162, 15092, -4662), (-2, 8, -115)]
[(-5162, 15092, -4662), (-2, 8, -115)]
[(-5218, 15092, -4787), (-1, 5, -117)]
[(-5218, 15092, -4787), (-1, 5, -117)]
[(-5218, 15092, -4787), (-1, 5, -117)]
[(-5218, 15092, -4787), (-1, 5, -117)]
[(-5218, 15092, -4787), (-1, 5, -117)]
[(-5273, 15092, -4796), (0, 3, -119)]
[(-5273, 15092, -4796), (0, 3, -119)]
[(-5273, 15092, -4796), (0, 3, -119)]
[(-5273, 15092, -4796), (0, 3, -119)]
[(-5273, 15092, -4796), (0, 3, -119)]
[(-5273, 15092, -4796), (0, 3, -119)]
[(-5273, 15092, -4796), (0, 3, -119)]
[(-5306, 15103, -4826), (5, 8, -123)]
[(-5306, 15103, -4826), (5, 8, -123)]
[(-5306, 15103, -4826), (5, 8, -123)]
[(-5306, 15103, -4826), (5, 8, -123)]
[(-5306, 15103, -4826), (5, 8, -123)]
[(-5306, 15103, -4826), (5, 8, -123)]
[(-5313, 15096, -4790), (9, 21, -125)]
[(-5313, 15096, -4790), (9, 21, -125)]
[(-5313, 15096, -4790), (9, 21, -125)]
[(-5313, 15096, -4790), (9, 21, -125)]
[(-5313, 15096, -4790), (9, 21, -125)]
[(-5351, 15040, -4772), (12, 15, -128)]
[(-5351, 15040, -4772), (12, 15, -128)]
[(-5351, 15040, -4772), (12, 15, -128)]
[(-5351, 15040, -4772), (12, 15, -128)]
[(-5351, 15040, -4772), (12, 15, -128)]
[(-5351, 15040, -4772), (12, 15, -128)]
[(-5351, 15040, -4772), (12, 15, -128)]
[(-5391, 14967, -4803), (17, 12, -124)]
[(-5391, 14967, -4803), (17, 12, -124)]
[(-5391, 14967, -4803), (17, 12, -124)]
[(-5391, 14967, -4803), (17, 12, -124)]
[(-5391, 14967, -4803), (17, 12, -124)]