[(-13072, -2424, -10541), (-77, 440, 7)]
[(-13092, -2420, -10520), (-97, 432, -9)]
[(-13092, -2420, -10520), (-97, 432, -9)]
[(-13092, -2420, -10520), (-97, 432, -9)]
[(-13078, -2416, -10509), (-93, 430, 2)]
[(-13078, -2416, -10509), (-93, 430, 2)]
[(-13078, -2416, -10509), (-93, 430, 2)]
[(-13078, -2416, -10509), (-93, 430, 2)]
[(-13078, -2416, -10509), (-93, 430, 2)]
[(-13078, -2416, -10509), (-93, 430, 2)]
[(-13078, -2416, -10509), (-93, 430, 2)]
[(-13082, -2428, -10511), (-99, 427, -2)]
[(-13082, -2428, -10511), (-99, 427, -2)]
[(-13082, -2428, -10511), (-99, 427, -2)]
[(-13082, -2428, -10511), (-99, 427, -2)]
[(-13082, -2428, -10511), (-99, 427, -2)]
[(-13082, -2428, -10511), (-99, 427, -2)]
[(-13100, -2400, -10520), (-147, 386, -6)]
[(-13100, -2400, -10520), (-147, 386, -6)]
[(-13100, -2400, -10520), (-147, 386, -6)]
[(-13100, -2400, -10520), (-147, 386, -6)]
[(-13100, -2400, -10520), (-147, 386, -6)]
[(-13096, -2379, -10504), (-124, 352, -2)]
[(-13096, -2379, -10504), (-124, 352, -2)]
[(-13096, -2379, -10504), (-124, 352, -2)]
[(-13096, -2379, -10504), (-124, 352, -2)]
[(-13096, -2379, -10504), (-124, 352, -2)]
[(-13096, -2379, -10504), (-124, 352, -2)]
[(-13096, -2379, -10504), (-124, 352, -2)]
[(-13104, -2385, -10504), (-49, 368, -9)]
[(-13104, -2385, -10504), (-49, 368, -9)]
[(-13104, -2385, -10504), (-49, 368, -9)]
[(-13104, -2385, -10504), (-49, 368, -9)]
[(-13104, -2385, -10504), (-49, 368, -9)]
[(-13104, -2385, -10504), (-49, 368, -9)]
[(-13154, -2396, -10458), (141, 422, 36)]
[(-13154, -2396, -10458), (141, 422, 36)]
[(-13154, -2396, -10458), (141, 422, 36)]
[(-13154, -2396, -10458), (141, 422, 36)]
[(-13154, -2396, -10458), (141, 422, 36)]
[(-13108, -2425, -10258), (38, 363, 111)]
[(-13108, -2425, -10258), (38, 363, 111)]
[(-13108, -2425, -10258), (38, 363, 111)]
[(-13108, -2425, -10258), (38, 363, 111)]
[(-13108, -2425, -10258), (38, 363, 111)]
[(-13108, -2425, -10258), (38, 363, 111)]
[(-13108, -2425, -10258), (38, 363, 111)]
[(-13111, -2448, -10329), (11, 404, 94)]
[(-13111, -2448, -10329), (11, 404, 94)]
[(-13111, -2448, -10329), (11, 404, 94)]
[(-13111, -2448, -10329), (11, 404, 94)]
[(-13111, -2448, -10329), (11, 404, 94)]
[(-13111, -2448, -10329), (11, 404, 94)]
[(-13106, -2453, -10376), (-4, 409, 82)]
[(-13106, -2453, -10376), (-4, 409, 82)]
[(-13106, -2453, -10376), (-4, 409, 82)]
[(-13106, -2453, -10376), (-4, 409, 82)]
[(-13106, -2453, -10376), (-4, 409, 82)]
[(-13092, -2465, -10424), (109, 461, 86)]
[(-13092, -2465, -10424), (109, 461, 86)]
[(-13092, -2465, -10424), (109, 461, 86)]
[(-13092, -2465, -10424), (109, 461, 86)]
[(-13092, -2465, -10424), (109, 461, 86)]
[(-13076, -2438, -10437), (58, 299, 25)]
[(-13076, -2438, -10437), (58, 299, 25)]
[(-13076, -2438, -10437), (58, 299, 25)]
[(-13076, -2438, -10437), (58, 299, 25)]
[(-13076, -2438, -10437), (58, 299, 25)]
[(-13076, -2438, -10437), (58, 299, 25)]
[(-13076, -2438, -10437), (58, 299, 25)]
[(-13076, -2438, -10437), (58, 299, 25)]
[(-13078, -2494, -10455), (21, 387, 7)]
[(-13078, -2494, -10455), (21, 387, 7)]
[(-13078, -2494, -10455), (21, 387, 7)]
[(-13078, -2494, -10455), (21, 387, 7)]
[(-13078, -2494, -10455), (21, 387, 7)]
[(-13083, -2520, -10468), (0, 366, -55)]
[(-13083, -2520, -10468), (0, 366, -55)]
[(-13083, -2520, -10468), (0, 366, -55)]
[(-13083, -2520, -10468), (0, 366, -55)]
[(-13083, -2520, -10468), (0, 366, -55)]
[(-13089, -2487, -10473), (-90, 336, -4)]
[(-13089, -2487, -10473), (-90, 336, -4)]
[(-13089, -2487, -10473), (-90, 336, -4)]
[(-13089, -2487, -10473), (-90, 336, -4)]
[(-13089, -2487, -10473), (-90, 336, -4)]
[(-13089, -2487, -10473), (-90, 336, -4)]
[(-13089, -2487, -10473), (-90, 336, -4)]
[(-13089, -2487, -10473), (-90, 336, -4)]
[(-13089, -2487, -10473), (-90, 336, -4)]
[(-13068, -2513, -10482), (-73, 353, -16)]
[(-13068, -2513, -10482), (-73, 353, -16)]
[(-13068, -2513, -10482), (-73, 353, -16)]
[(-13068, -2513, -10482), (-73, 353, -16)]
[(-13100, -2476, -10515), (-97, 360, -22)]
[(-13100, -2476, -10515), (-97, 360, -22)]
[(-13100, -2476, -10515), (-97, 360, -22)]
[(-13100, -2476, -10515), (-97, 360, -22)]
[(-13100, -2476, -10515), (-97, 360, -22)]
[(-13100, -2476, -10515), (-97, 360, -22)]
[(-13100, -2476, -10515), (-97, 360, -22)]
[(-13089, -2448, -10476), (-200, 322, -29)]
[(-13089, -2448, -10476), (-200, 322, -29)]
[(-13089, -2448, -10476), (-200, 322, -29)]
[(-13089, -2448, -10476), (-200, 322, -29)]
[(-13089, -2448, -10476), (-200, 322, -29)]
[(-13089, -2448, -10476), (-200, 322, -29)]
[(-13089, -2480, -10452), (-148, 373, -26)]
[(-13089, -2480, -10452), (-148, 373, -26)]
[(-13089, -2480, -10452), (-148, 373, -26)]
[(-13089, -2480, -10452), (-148, 373, -26)]
[(-13089, -2480, -10452), (-148, 373, -26)]
[(-13087, -2435, -10482), (-142, 445, 11)]
[(-13087, -2435, -10482), (-142, 445, 11)]
[(-13087, -2435, -10482), (-142, 445, 11)]
[(-13087, -2435, -10482), (-142, 445, 11)]
[(-13087, -2435, -10482), (-142, 445, 11)]
[(-13064, -2473, -10499), (-122, 426, 7)]
[(-13064, -2473, -10499), (-122, 426, 7)]
[(-13064, -2473, -10499), (-122, 426, 7)]