[(-13125, -1560, -10679), (-94, 469, -4)]
[(-13132, -1547, -10680), (-92, 450, 2)]
[(-13132, -1547, -10680), (-92, 450, 2)]
[(-13132, -1547, -10680), (-92, 450, 2)]
[(-13132, -1547, -10680), (-92, 450, 2)]
[(-13157, -1540, -10691), (-62, 412, -6)]
[(-13157, -1540, -10691), (-62, 412, -6)]
[(-13157, -1540, -10691), (-62, 412, -6)]
[(-13157, -1540, -10691), (-62, 412, -6)]
[(-13157, -1540, -10691), (-62, 412, -6)]
[(-13157, -1540, -10691), (-62, 412, -6)]
[(-13149, -1544, -10671), (-72, 394, -16)]
[(-13149, -1544, -10671), (-72, 394, -16)]
[(-13149, -1544, -10671), (-72, 394, -16)]
[(-13149, -1544, -10671), (-72, 394, -16)]
[(-13149, -1544, -10671), (-72, 394, -16)]
[(-13144, -1542, -10638), (-68, 386, -20)]
[(-13144, -1542, -10638), (-68, 386, -20)]
[(-13144, -1542, -10638), (-68, 386, -20)]
[(-13144, -1542, -10638), (-68, 386, -20)]
[(-13144, -1542, -10638), (-68, 386, -20)]
[(-13144, -1542, -10638), (-68, 386, -20)]
[(-13144, -1542, -10638), (-68, 386, -20)]
[(-13148, -1528, -10619), (-49, 427, -11)]
[(-13148, -1528, -10619), (-49, 427, -11)]
[(-13148, -1528, -10619), (-49, 427, -11)]
[(-13148, -1528, -10619), (-49, 427, -11)]
[(-13148, -1528, -10619), (-49, 427, -11)]
[(-13148, -1528, -10619), (-49, 427, -11)]
[(-13130, -1500, -10612), (-44, 440, -15)]
[(-13130, -1500, -10612), (-44, 440, -15)]
[(-13130, -1500, -10612), (-44, 440, -15)]
[(-13130, -1500, -10612), (-44, 440, -15)]
[(-13130, -1500, -10612), (-44, 440, -15)]
[(-13136, -1540, -10636), (-23, 459, -31)]
[(-13136, -1540, -10636), (-23, 459, -31)]
[(-13136, -1540, -10636), (-23, 459, -31)]
[(-13136, -1540, -10636), (-23, 459, -31)]
[(-13136, -1540, -10636), (-23, 459, -31)]
[(-13136, -1540, -10636), (-23, 459, -31)]
[(-13136, -1540, -10636), (-23, 459, -31)]
[(-13132, -1536, -10622), (-149, 544, -14)]
[(-13132, -1536, -10622), (-149, 544, -14)]
[(-13132, -1536, -10622), (-149, 544, -14)]
[(-13132, -1536, -10622), (-149, 544, -14)]
[(-13132, -1536, -10622), (-149, 544, -14)]
[(-13132, -1536, -10622), (-149, 544, -14)]
[(-13132, -1536, -10622), (-149, 544, -14)]
[(-13104, -1531, -10624), (-163, 519, -16)]
[(-13104, -1531, -10624), (-163, 519, -16)]
[(-13104, -1531, -10624), (-163, 519, -16)]
[(-13104, -1531, -10624), (-163, 519, -16)]
[(-12895, -1249, -10593), (-39, 530, -74)]
[(-12895, -1249, -10593), (-39, 530, -74)]
[(-12895, -1249, -10593), (-39, 530, -74)]
[(-12895, -1249, -10593), (-39, 530, -74)]
[(-12895, -1249, -10593), (-39, 530, -74)]
[(-12895, -1249, -10593), (-39, 530, -74)]
[(-12895, -1249, -10593), (-39, 530, -74)]
[(-12935, -1298, -10612), (-27, 530, -30)]
[(-12935, -1298, -10612), (-27, 530, -30)]
[(-12935, -1298, -10612), (-27, 530, -30)]
[(-12935, -1298, -10612), (-27, 530, -30)]
[(-12935, -1298, -10612), (-27, 530, -30)]
[(-12935, -1298, -10612), (-27, 530, -30)]
[(-12970, -1323, -10600), (-64, 435, -14)]
[(-12970, -1323, -10600), (-64, 435, -14)]
[(-12970, -1323, -10600), (-64, 435, -14)]
[(-12970, -1323, -10600), (-64, 435, -14)]
[(-12970, -1323, -10600), (-64, 435, -14)]
[(-12992, -1332, -10609), (-110, 495, 0)]
[(-12992, -1332, -10609), (-110, 495, 0)]
[(-12992, -1332, -10609), (-110, 495, 0)]
[(-12992, -1332, -10609), (-110, 495, 0)]
[(-12992, -1332, -10609), (-110, 495, 0)]
[(-12992, -1332, -10609), (-110, 495, 0)]
[(-12992, -1332, -10609), (-110, 495, 0)]
[(-13043, -1365, -10648), (-55, 390, -20)]
[(-13043, -1365, -10648), (-55, 390, -20)]
[(-13043, -1365, -10648), (-55, 390, -20)]
[(-13043, -1365, -10648), (-55, 390, -20)]
[(-13043, -1365, -10648), (-55, 390, -20)]
[(-13043, -1365, -10648), (-55, 390, -20)]
[(-13086, -1399, -10642), (-66, 376, -36)]
[(-13086, -1399, -10642), (-66, 376, -36)]
[(-13086, -1399, -10642), (-66, 376, -36)]
[(-13086, -1399, -10642), (-66, 376, -36)]
[(-13086, -1399, -10642), (-66, 376, -36)]
[(-13104, -1453, -10660), (-16, 386, -26)]
[(-13104, -1453, -10660), (-16, 386, -26)]
[(-13104, -1453, -10660), (-16, 386, -26)]
[(-13104, -1453, -10660), (-16, 386, -26)]
[(-13104, -1453, -10660), (-16, 386, -26)]
[(-13104, -1453, -10660), (-16, 386, -26)]
[(-13104, -1453, -10660), (-16, 386, -26)]
[(-13112, -1488, -10658), (11, 402, 23)]
[(-13112, -1488, -10658), (11, 402, 23)]
[(-13112, -1488, -10658), (11, 402, 23)]
[(-13112, -1488, -10658), (11, 402, 23)]
[(-13112, -1488, -10658), (11, 402, 23)]
[(-13112, -1488, -10658), (11, 402, 23)]
[(-13132, -1470, -10630), (-15, 384, 41)]
[(-13132, -1470, -10630), (-15, 384, 41)]
[(-13132, -1470, -10630), (-15, 384, 41)]
[(-13132, -1470, -10630), (-15, 384, 41)]
[(-13132, -1470, -10630), (-15, 384, 41)]
[(-13154, -1521, -10619), (-87, 383, 19)]
[(-13154, -1521, -10619), (-87, 383, 19)]
[(-13154, -1521, -10619), (-87, 383, 19)]
[(-13154, -1521, -10619), (-87, 383, 19)]
[(-13154, -1521, -10619), (-87, 383, 19)]
[(-13147, -1491, -10599), (-62, 392, 30)]
[(-13147, -1491, -10599), (-62, 392, 30)]
[(-13147, -1491, -10599), (-62, 392, 30)]
[(-13147, -1491, -10599), (-62, 392, 30)]
[(-13147, -1491, -10599), (-62, 392, 30)]
[(-13147, -1491, -10599), (-62, 392, 30)]
[(-13147, -1491, -10599), (-62, 392, 30)]
[(-13147, -1491, -10599), (-62, 392, 30)]