[(-12938, -1814, -10928), (-118, 408, -1)]
[(-12912, -1796, -10919), (-127, 360, 18)]
[(-12912, -1796, -10919), (-127, 360, 18)]
[(-12912, -1796, -10919), (-127, 360, 18)]
[(-12912, -1796, -10919), (-127, 360, 18)]
[(-12912, -1796, -10919), (-127, 360, 18)]
[(-12912, -1796, -10919), (-127, 360, 18)]
[(-12912, -1796, -10919), (-127, 360, 18)]
[(-12916, -1796, -10918), (-105, 347, 10)]
[(-12916, -1796, -10918), (-105, 347, 10)]
[(-12916, -1796, -10918), (-105, 347, 10)]
[(-12916, -1796, -10918), (-105, 347, 10)]
[(-12916, -1796, -10918), (-105, 347, 10)]
[(-12916, -1796, -10918), (-105, 347, 10)]
[(-12934, -1812, -10897), (-109, 327, -4)]
[(-12934, -1812, -10897), (-109, 327, -4)]
[(-12934, -1812, -10897), (-109, 327, -4)]
[(-12934, -1812, -10897), (-109, 327, -4)]
[(-12934, -1812, -10897), (-109, 327, -4)]
[(-12959, -1811, -10880), (-122, 325, 8)]
[(-12959, -1811, -10880), (-122, 325, 8)]
[(-12959, -1811, -10880), (-122, 325, 8)]
[(-12959, -1811, -10880), (-122, 325, 8)]
[(-12959, -1811, -10880), (-122, 325, 8)]
[(-12959, -1811, -10880), (-122, 325, 8)]
[(-12959, -1811, -10880), (-122, 325, 8)]
[(-12962, -1819, -10851), (-116, 334, 7)]
[(-12962, -1819, -10851), (-116, 334, 7)]
[(-12962, -1819, -10851), (-116, 334, 7)]
[(-12962, -1819, -10851), (-116, 334, 7)]
[(-12962, -1819, -10851), (-116, 334, 7)]
[(-12962, -1819, -10851), (-116, 334, 7)]
[(-12974, -1811, -10845), (-106, 365, 6)]
[(-12974, -1811, -10845), (-106, 365, 6)]
[(-12974, -1811, -10845), (-106, 365, 6)]
[(-12974, -1811, -10845), (-106, 365, 6)]
[(-12974, -1811, -10845), (-106, 365, 6)]
[(-12964, -1796, -10840), (-112, 362, 3)]
[(-12964, -1796, -10840), (-112, 362, 3)]
[(-12964, -1796, -10840), (-112, 362, 3)]
[(-12964, -1796, -10840), (-112, 362, 3)]
[(-12964, -1796, -10840), (-112, 362, 3)]
[(-12964, -1796, -10840), (-112, 362, 3)]
[(-12964, -1796, -10840), (-112, 362, 3)]
[(-12953, -1786, -10887), (-153, 447, 20)]
[(-12953, -1786, -10887), (-153, 447, 20)]
[(-12953, -1786, -10887), (-153, 447, 20)]
[(-12953, -1786, -10887), (-153, 447, 20)]
[(-12953, -1786, -10887), (-153, 447, 20)]
[(-12953, -1786, -10887), (-153, 447, 20)]
[(-12937, -1776, -10878), (-152, 438, -85)]
[(-12937, -1776, -10878), (-152, 438, -85)]
[(-12937, -1776, -10878), (-152, 438, -85)]
[(-12937, -1776, -10878), (-152, 438, -85)]
[(-12937, -1776, -10878), (-152, 438, -85)]
[(-12915, -1762, -10922), (-137, 415, -99)]
[(-12915, -1762, -10922), (-137, 415, -99)]
[(-12915, -1762, -10922), (-137, 415, -99)]
[(-12915, -1762, -10922), (-137, 415, -99)]
[(-12915, -1762, -10922), (-137, 415, -99)]
[(-12868, -1780, -10955), (-81, 390, -90)]
[(-12868, -1780, -10955), (-81, 390, -90)]
[(-12868, -1780, -10955), (-81, 390, -90)]
[(-12868, -1780, -10955), (-81, 390, -90)]
[(-12868, -1780, -10955), (-81, 390, -90)]
[(-12868, -1780, -10955), (-81, 390, -90)]
[(-12868, -1780, -10955), (-81, 390, -90)]
[(-12868, -1780, -10955), (-81, 390, -90)]
[(-12868, -1784, -10916), (21, 232, -77)]
[(-12868, -1784, -10916), (21, 232, -77)]
[(-12868, -1784, -10916), (21, 232, -77)]
[(-12868, -1784, -10916), (21, 232, -77)]
[(-12868, -1784, -10916), (21, 232, -77)]
[(-12891, -1786, -10929), (-26, 262, -71)]
[(-12891, -1786, -10929), (-26, 262, -71)]
[(-12891, -1786, -10929), (-26, 262, -71)]
[(-12891, -1786, -10929), (-26, 262, -71)]
[(-12891, -1786, -10929), (-26, 262, -71)]
[(-12891, -1786, -10929), (-26, 262, -71)]
[(-12891, -1786, -10929), (-26, 262, -71)]
[(-12883, -1765, -10912), (-85, 317, -26)]
[(-12883, -1765, -10912), (-85, 317, -26)]
[(-12883, -1765, -10912), (-85, 317, -26)]
[(-12883, -1765, -10912), (-85, 317, -26)]
[(-12883, -1765, -10912), (-85, 317, -26)]
[(-12883, -1765, -10912), (-85, 317, -26)]
[(-12875, -1756, -10935), (-48, 371, 2)]
[(-12875, -1756, -10935), (-48, 371, 2)]
[(-12875, -1756, -10935), (-48, 371, 2)]
[(-12875, -1756, -10935), (-48, 371, 2)]
[(-12875, -1756, -10935), (-48, 371, 2)]
[(-12896, -1778, -10967), (63, 404, -16)]
[(-12896, -1778, -10967), (63, 404, -16)]
[(-12896, -1778, -10967), (63, 404, -16)]
[(-12896, -1778, -10967), (63, 404, -16)]
[(-12896, -1778, -10967), (63, 404, -16)]
[(-12857, -1744, -10972), (6, 385, -8)]
[(-12857, -1744, -10972), (6, 385, -8)]
[(-12857, -1744, -10972), (6, 385, -8)]
[(-12857, -1744, -10972), (6, 385, -8)]
[(-12857, -1744, -10972), (6, 385, -8)]
[(-12857, -1744, -10972), (6, 385, -8)]
[(-12857, -1744, -10972), (6, 385, -8)]
[(-12857, -1744, -10972), (6, 385, -8)]
[(-12860, -1744, -10993), (28, 385, 8)]
[(-12860, -1744, -10993), (28, 385, 8)]
[(-12860, -1744, -10993), (28, 385, 8)]
[(-12860, -1744, -10993), (28, 385, 8)]
[(-12876, -1727, -10960), (-22, 341, -26)]
[(-12876, -1727, -10960), (-22, 341, -26)]
[(-12876, -1727, -10960), (-22, 341, -26)]
[(-12876, -1727, -10960), (-22, 341, -26)]
[(-12876, -1727, -10960), (-22, 341, -26)]
[(-12883, -1759, -10952), (14, 332, -28)]
[(-12883, -1759, -10952), (14, 332, -28)]
[(-12883, -1759, -10952), (14, 332, -28)]
[(-12883, -1759, -10952), (14, 332, -28)]
[(-12883, -1759, -10952), (14, 332, -28)]
[(-12883, -1759, -10952), (14, 332, -28)]
[(-12883, -1759, -10952), (14, 332, -28)]
[(-12883, -1759, -10952), (14, 332, -28)]
[(-12842, -1816, -10955), (50, 384, -45)]
[(-12842, -1816, -10955), (50, 384, -45)]
[(-12842, -1816, -10955), (50, 384, -45)]
[(-12842, -1816, -10955), (50, 384, -45)]
[(-12842, -1816, -10955), (50, 384, -45)]
[(-12826, -1852, -11001), (131, 412, -8)]
[(-12826, -1852, -11001), (131, 412, -8)]
[(-12826, -1852, -11001), (131, 412, -8)]
[(-12826, -1852, -11001), (131, 412, -8)]
[(-12826, -1852, -11001), (131, 412, -8)]