[(-14716, 1208, -7772), (-96, 303, -1)]
[(-14713, 1195, -7771), (-104, 319, -9)]
[(-14713, 1195, -7771), (-104, 319, -9)]
[(-14713, 1195, -7771), (-104, 319, -9)]
[(-14708, 1171, -7800), (-124, 323, -14)]
[(-14708, 1171, -7800), (-124, 323, -14)]
[(-14708, 1171, -7800), (-124, 323, -14)]
[(-14708, 1171, -7800), (-124, 323, -14)]
[(-14708, 1171, -7800), (-124, 323, -14)]
[(-14716, 1163, -7777), (-127, 330, -17)]
[(-14716, 1163, -7777), (-127, 330, -17)]
[(-14716, 1163, -7777), (-127, 330, -17)]
[(-14716, 1163, -7777), (-127, 330, -17)]
[(-14710, 1167, -7802), (-121, 329, -14)]
[(-14710, 1167, -7802), (-121, 329, -14)]
[(-14710, 1167, -7802), (-121, 329, -14)]
[(-14710, 1167, -7802), (-121, 329, -14)]
[(-14710, 1167, -7802), (-121, 329, -14)]
[(-14710, 1167, -7802), (-121, 329, -14)]
[(-14710, 1167, -7802), (-121, 329, -14)]
[(-14710, 1167, -7802), (-121, 329, -14)]
[(-14710, 1167, -7802), (-121, 329, -14)]
[(-14710, 1167, -7802), (-121, 329, -14)]
[(-14710, 1167, -7802), (-121, 329, -14)]
[(-14706, 1172, -7816), (-128, 327, -12)]
[(-14706, 1172, -7816), (-128, 327, -12)]
[(-14701, 1163, -7813), (-26, 271, -1)]
[(-14701, 1163, -7813), (-26, 271, -1)]
[(-14701, 1163, -7813), (-26, 271, -1)]
[(-14701, 1163, -7813), (-26, 271, -1)]
[(-14701, 1163, -7813), (-26, 271, -1)]
[(-14698, 1162, -7783), (203, 229, 7)]
[(-14698, 1162, -7783), (203, 229, 7)]
[(-14698, 1162, -7783), (203, 229, 7)]
[(-14698, 1162, -7783), (203, 229, 7)]
[(-14698, 1162, -7783), (203, 229, 7)]
[(-14698, 1162, -7783), (203, 229, 7)]
[(-14698, 1162, -7783), (203, 229, 7)]
[(-14708, 1152, -7774), (104, 275, 2)]
[(-14708, 1152, -7774), (104, 275, 2)]
[(-14708, 1152, -7774), (104, 275, 2)]
[(-14708, 1152, -7774), (104, 275, 2)]
[(-14708, 1152, -7774), (104, 275, 2)]
[(-14708, 1152, -7774), (104, 275, 2)]
[(-14708, 1152, -7774), (104, 275, 2)]
[(-14699, 1140, -7774), (25, 283, 8)]
[(-14699, 1140, -7774), (25, 283, 8)]
[(-14699, 1140, -7774), (25, 283, 8)]
[(-14699, 1140, -7774), (25, 283, 8)]
[(-14694, 1138, -7803), (-74, 356, 0)]
[(-14694, 1138, -7803), (-74, 356, 0)]
[(-14694, 1138, -7803), (-74, 356, 0)]
[(-14694, 1138, -7803), (-74, 356, 0)]
[(-14694, 1138, -7803), (-74, 356, 0)]
[(-14694, 1138, -7803), (-74, 356, 0)]
[(-14694, 1138, -7803), (-74, 356, 0)]
[(-14682, 1234, -7799), (-176, 420, -16)]
[(-14682, 1234, -7799), (-176, 420, -16)]
[(-14682, 1234, -7799), (-176, 420, -16)]
[(-14682, 1234, -7799), (-176, 420, -16)]
[(-14682, 1234, -7799), (-176, 420, -16)]
[(-14682, 1234, -7799), (-176, 420, -16)]
[(-14682, 1234, -7799), (-176, 420, -16)]
[(-14682, 1234, -7799), (-176, 420, -16)]
[(-14682, 1234, -7799), (-176, 420, -16)]
[(-14668, 1236, -7815), (-232, 385, -11)]
[(-14668, 1236, -7815), (-232, 385, -11)]
[(-14668, 1236, -7815), (-232, 385, -11)]
[(-14668, 1236, -7815), (-232, 385, -11)]
[(-14668, 1236, -7815), (-232, 385, -11)]
[(-14668, 1236, -7815), (-232, 385, -11)]
[(-14668, 1236, -7815), (-232, 385, -11)]
[(-14652, 1252, -7832), (-225, 389, -2)]
[(-14652, 1252, -7832), (-225, 389, -2)]
[(-14652, 1252, -7832), (-225, 389, -2)]
[(-14652, 1252, -7832), (-225, 389, -2)]
[(-14656, 1228, -7871), (-213, 387, -7)]
[(-14656, 1228, -7871), (-213, 387, -7)]
[(-14656, 1228, -7871), (-213, 387, -7)]
[(-14656, 1228, -7871), (-213, 387, -7)]
[(-14656, 1228, -7871), (-213, 387, -7)]
[(-14656, 1228, -7871), (-213, 387, -7)]
[(-14656, 1228, -7871), (-213, 387, -7)]
[(-14656, 1228, -7871), (-213, 387, -7)]
[(-14656, 1228, -7871), (-213, 387, -7)]
[(-14656, 1228, -7871), (-213, 387, -7)]
[(-14656, 1228, -7871), (-213, 387, -7)]
[(-14656, 1228, -7871), (-213, 387, -7)]
[(-14656, 1228, -7871), (-213, 387, -7)]
[(-14632, 1242, -7886), (-192, 381, -1)]
[(-14653, 1194, -7888), (105, 179, -26)]
[(-14653, 1194, -7888), (105, 179, -26)]
[(-14656, 1159, -7886), (34, 192, -12)]
[(-14656, 1159, -7886), (34, 192, -12)]
[(-14656, 1159, -7886), (34, 192, -12)]
[(-14656, 1159, -7886), (34, 192, -12)]
[(-14656, 1159, -7886), (34, 192, -12)]
[(-14656, 1159, -7886), (34, 192, -12)]
[(-14656, 1159, -7886), (34, 192, -12)]
[(-14656, 1159, -7886), (34, 192, -12)]
[(-14701, 1186, -7869), (-68, 182, -7)]
[(-14701, 1186, -7869), (-68, 182, -7)]
[(-14701, 1186, -7869), (-68, 182, -7)]
[(-14635, 1209, -7797), (-114, 237, -20)]
[(-14635, 1209, -7797), (-114, 237, -20)]
[(-14635, 1209, -7797), (-114, 237, -20)]
[(-14635, 1209, -7797), (-114, 237, -20)]
[(-14635, 1209, -7797), (-114, 237, -20)]
[(-14639, 1212, -7856), (-69, 444, -191)]
[(-14639, 1212, -7856), (-69, 444, -191)]
[(-14639, 1212, -7856), (-69, 444, -191)]
[(-14639, 1212, -7856), (-69, 444, -191)]
[(-14639, 1212, -7856), (-69, 444, -191)]
[(-14639, 1212, -7856), (-69, 444, -191)]
[(-14639, 1212, -7856), (-69, 444, -191)]
[(-14639, 1212, -7856), (-69, 444, -191)]
[(-14700, 1088, -7861), (-224, 349, -288)]
[(-14700, 1088, -7861), (-224, 349, -288)]
[(-14700, 1088, -7861), (-224, 349, -288)]
[(-14700, 1088, -7861), (-224, 349, -288)]
[(-14700, 1088, -7861), (-224, 349, -288)]
[(-14656, 1004, -7836), (-175, 355, -206)]
[(-14656, 1004, -7836), (-175, 355, -206)]
[(-14656, 1004, -7836), (-175, 355, -206)]
[(-14656, 1004, -7836), (-175, 355, -206)]
[(-14656, 1004, -7836), (-175, 355, -206)]
[(-14681, 1013, -7884), (-101, 457, -33)]
[(-14681, 1013, -7884), (-101, 457, -33)]
[(-14681, 1013, -7884), (-101, 457, -33)]
[(-14681, 1013, -7884), (-101, 457, -33)]
[(-14681, 1013, -7884), (-101, 457, -33)]
[(-14681, 1013, -7884), (-101, 457, -33)]
[(-14681, 1013, -7884), (-101, 457, -33)]
[(-14681, 1013, -7884), (-101, 457, -33)]
[(-14687, 1087, -7897), (-74, 360, 67)]
[(-14687, 1087, -7897), (-74, 360, 67)]
[(-14687, 1087, -7897), (-74, 360, 67)]
[(-14687, 1087, -7897), (-74, 360, 67)]
[(-14687, 1087, -7897), (-74, 360, 67)]
[(-14664, 1077, -7907), (-117, 343, -24)]
[(-14664, 1077, -7907), (-117, 343, -24)]
[(-14664, 1077, -7907), (-117, 343, -24)]
[(-14664, 1077, -7907), (-117, 343, -24)]
[(-14664, 1077, -7907), (-117, 343, -24)]
[(-14676, 1053, -7915), (-54, 350, -85)]
[(-14676, 1053, -7915), (-54, 350, -85)]
[(-14676, 1053, -7915), (-54, 350, -85)]
[(-14676, 1053, -7915), (-54, 350, -85)]
[(-14676, 1053, -7915), (-54, 350, -85)]