[(-13289, -1669, -10270), (196, 416, 28)]
[(-13297, -1695, -10218), (147, 412, 27)]
[(-13297, -1695, -10218), (147, 412, 27)]
[(-13297, -1695, -10218), (147, 412, 27)]
[(-13297, -1695, -10218), (147, 412, 27)]
[(-13297, -1695, -10218), (147, 412, 27)]
[(-13297, -1695, -10218), (147, 412, 27)]
[(-13291, -1712, -10226), (-73, 430, -12)]
[(-13291, -1712, -10226), (-73, 430, -12)]
[(-13291, -1712, -10226), (-73, 430, -12)]
[(-13291, -1712, -10226), (-73, 430, -12)]
[(-13291, -1712, -10226), (-73, 430, -12)]
[(-13291, -1712, -10226), (-73, 430, -12)]
[(-13291, -1712, -10226), (-73, 430, -12)]
[(-13337, -1788, -10286), (-129, 235, 0)]
[(-13337, -1788, -10286), (-129, 235, 0)]
[(-13337, -1788, -10286), (-129, 235, 0)]
[(-13337, -1788, -10286), (-129, 235, 0)]
[(-13337, -1788, -10286), (-129, 235, 0)]
[(-13320, -1758, -10308), (-111, 206, 3)]
[(-13320, -1758, -10308), (-111, 206, 3)]
[(-13320, -1758, -10308), (-111, 206, 3)]
[(-13320, -1758, -10308), (-111, 206, 3)]
[(-13320, -1758, -10308), (-111, 206, 3)]
[(-13320, -1758, -10308), (-111, 206, 3)]
[(-13293, -1721, -10328), (-50, 240, -3)]
[(-13293, -1721, -10328), (-50, 240, -3)]
[(-13293, -1721, -10328), (-50, 240, -3)]
[(-13293, -1721, -10328), (-50, 240, -3)]
[(-13293, -1721, -10328), (-50, 240, -3)]
[(-13281, -1704, -10310), (317, 290, 49)]
[(-13281, -1704, -10310), (317, 290, 49)]
[(-13281, -1704, -10310), (317, 290, 49)]
[(-13281, -1704, -10310), (317, 290, 49)]
[(-13281, -1704, -10310), (317, 290, 49)]
[(-13281, -1704, -10310), (317, 290, 49)]
[(-13281, -1704, -10310), (317, 290, 49)]
[(-13258, -1726, -10332), (149, 285, 53)]
[(-13258, -1726, -10332), (149, 285, 53)]
[(-13258, -1726, -10332), (149, 285, 53)]
[(-13258, -1726, -10332), (149, 285, 53)]
[(-13258, -1726, -10332), (149, 285, 53)]
[(-13258, -1726, -10332), (149, 285, 53)]
[(-13285, -1765, -10345), (73, 315, 49)]
[(-13285, -1765, -10345), (73, 315, 49)]
[(-13285, -1765, -10345), (73, 315, 49)]
[(-13285, -1765, -10345), (73, 315, 49)]
[(-13285, -1765, -10345), (73, 315, 49)]
[(-13292, -1745, -10324), (28, 337, 60)]
[(-13292, -1745, -10324), (28, 337, 60)]
[(-13292, -1745, -10324), (28, 337, 60)]
[(-13292, -1745, -10324), (28, 337, 60)]
[(-13292, -1745, -10324), (28, 337, 60)]
[(-13292, -1745, -10324), (28, 337, 60)]
[(-13292, -1745, -10324), (28, 337, 60)]
[(-13312, -1733, -10285), (32, 298, 43)]
[(-13312, -1733, -10285), (32, 298, 43)]
[(-13312, -1733, -10285), (32, 298, 43)]
[(-13312, -1733, -10285), (32, 298, 43)]
[(-13312, -1733, -10285), (32, 298, 43)]
[(-13312, -1733, -10285), (32, 298, 43)]
[(-13312, -1733, -10285), (32, 298, 43)]
[(-13343, -1728, -10282), (-83, 302, 32)]
[(-13343, -1728, -10282), (-83, 302, 32)]
[(-13343, -1728, -10282), (-83, 302, 32)]
[(-13343, -1728, -10282), (-83, 302, 32)]
[(-13340, -1722, -10235), (-31, 336, 41)]
[(-13340, -1722, -10235), (-31, 336, 41)]
[(-13340, -1722, -10235), (-31, 336, 41)]
[(-13340, -1722, -10235), (-31, 336, 41)]
[(-13340, -1722, -10235), (-31, 336, 41)]
[(-13340, -1722, -10235), (-31, 336, 41)]
[(-13340, -1722, -10235), (-31, 336, 41)]
[(-13368, -1709, -10228), (-29, 344, 5)]
[(-13368, -1709, -10228), (-29, 344, 5)]
[(-13368, -1709, -10228), (-29, 344, 5)]
[(-13368, -1709, -10228), (-29, 344, 5)]
[(-13368, -1709, -10228), (-29, 344, 5)]
[(-13368, -1709, -10228), (-29, 344, 5)]
[(-13379, -1700, -10165), (-78, 311, -1)]
[(-13379, -1700, -10165), (-78, 311, -1)]
[(-13379, -1700, -10165), (-78, 311, -1)]
[(-13379, -1700, -10165), (-78, 311, -1)]
[(-13379, -1700, -10165), (-78, 311, -1)]
[(-13366, -1743, -10182), (-49, 340, -28)]
[(-13366, -1743, -10182), (-49, 340, -28)]
[(-13366, -1743, -10182), (-49, 340, -28)]
[(-13366, -1743, -10182), (-49, 340, -28)]
[(-13366, -1743, -10182), (-49, 340, -28)]
[(-13376, -1717, -10202), (-19, 386, -14)]
[(-13376, -1717, -10202), (-19, 386, -14)]
[(-13376, -1717, -10202), (-19, 386, -14)]
[(-13376, -1717, -10202), (-19, 386, -14)]
[(-13376, -1717, -10202), (-19, 386, -14)]
[(-13376, -1717, -10202), (-19, 386, -14)]
[(-13376, -1717, -10202), (-19, 386, -14)]
[(-13376, -1717, -10202), (-19, 386, -14)]
[(-13376, -1740, -10176), (-56, 373, -17)]
[(-13376, -1740, -10176), (-56, 373, -17)]
[(-13376, -1740, -10176), (-56, 373, -17)]
[(-13376, -1740, -10176), (-56, 373, -17)]
[(-13376, -1740, -10176), (-56, 373, -17)]
[(-13374, -1771, -10206), (-10, 390, -35)]
[(-13374, -1771, -10206), (-10, 390, -35)]
[(-13374, -1771, -10206), (-10, 390, -35)]
[(-13374, -1771, -10206), (-10, 390, -35)]
[(-13374, -1771, -10206), (-10, 390, -35)]
[(-13368, -1796, -10232), (-45, 389, -41)]
[(-13368, -1796, -10232), (-45, 389, -41)]
[(-13368, -1796, -10232), (-45, 389, -41)]