[(-13322, -1713, -10351), (-188, 452, -32)]
[(-13322, -1713, -10351), (-188, 452, -32)]
[(-13291, -1711, -10357), (-226, 473, -63)]
[(-13291, -1711, -10357), (-226, 473, -63)]
[(-13291, -1711, -10357), (-226, 473, -63)]
[(-13291, -1711, -10357), (-226, 473, -63)]
[(-13291, -1711, -10357), (-226, 473, -63)]
[(-13296, -1718, -10351), (106, 365, -40)]
[(-13296, -1718, -10351), (106, 365, -40)]
[(-13296, -1718, -10351), (106, 365, -40)]
[(-13296, -1718, -10351), (106, 365, -40)]
[(-13305, -1748, -10342), (13, 327, -69)]
[(-13305, -1748, -10342), (13, 327, -69)]
[(-13305, -1748, -10342), (13, 327, -69)]
[(-13305, -1748, -10342), (13, 327, -69)]
[(-13305, -1748, -10342), (13, 327, -69)]
[(-13305, -1748, -10342), (13, 327, -69)]
[(-13305, -1748, -10342), (13, 327, -69)]
[(-13305, -1748, -10342), (13, 327, -69)]
[(-13305, -1748, -10342), (13, 327, -69)]
[(-13302, -1714, -10385), (-613, 621, -58)]
[(-13302, -1714, -10385), (-613, 621, -58)]
[(-13302, -1714, -10385), (-613, 621, -58)]
[(-13260, -1696, -10339), (-531, 518, -47)]
[(-13260, -1696, -10339), (-531, 518, -47)]
[(-13260, -1696, -10339), (-531, 518, -47)]
[(-13260, -1696, -10339), (-531, 518, -47)]
[(-13260, -1696, -10339), (-531, 518, -47)]
[(-13260, -1696, -10339), (-531, 518, -47)]
[(-13292, -1709, -10307), (-494, 476, -77)]
[(-13292, -1709, -10307), (-494, 476, -77)]
[(-13292, -1709, -10307), (-494, 476, -77)]
[(-13292, -1709, -10307), (-494, 476, -77)]
[(-13292, -1709, -10307), (-494, 476, -77)]
[(-13292, -1709, -10307), (-494, 476, -77)]
[(-13292, -1709, -10307), (-494, 476, -77)]
[(-13325, -1691, -10272), (-413, 454, -61)]
[(-13325, -1691, -10272), (-413, 454, -61)]
[(-13325, -1691, -10272), (-413, 454, -61)]
[(-13325, -1691, -10272), (-413, 454, -61)]
[(-13325, -1691, -10272), (-413, 454, -61)]
[(-13325, -1691, -10272), (-413, 454, -61)]
[(-13325, -1691, -10272), (-413, 454, -61)]
[(-13325, -1691, -10272), (-413, 454, -61)]
[(-13325, -1691, -10272), (-413, 454, -61)]
[(-13316, -1705, -10295), (-115, 529, 18)]
[(-13316, -1705, -10295), (-115, 529, 18)]
[(-13316, -1705, -10295), (-115, 529, 18)]
[(-13316, -1705, -10295), (-115, 529, 18)]
[(-13315, -1728, -10288), (-129, 451, 6)]
[(-13315, -1728, -10288), (-129, 451, 6)]
[(-13315, -1728, -10288), (-129, 451, 6)]
[(-13315, -1728, -10288), (-129, 451, 6)]
[(-13315, -1728, -10288), (-129, 451, 6)]
[(-13341, -1726, -10249), (-253, 447, -7)]
[(-13341, -1726, -10249), (-253, 447, -7)]
[(-13341, -1726, -10249), (-253, 447, -7)]
[(-13341, -1726, -10249), (-253, 447, -7)]
[(-13341, -1726, -10249), (-253, 447, -7)]
[(-13352, -1739, -10231), (-213, 422, 15)]
[(-13352, -1739, -10231), (-213, 422, 15)]
[(-13352, -1739, -10231), (-213, 422, 15)]
[(-13352, -1739, -10231), (-213, 422, 15)]
[(-13352, -1739, -10231), (-213, 422, 15)]
[(-13352, -1739, -10231), (-213, 422, 15)]
[(-13352, -1739, -10231), (-213, 422, 15)]
[(-13352, -1739, -10231), (-213, 422, 15)]
[(-13333, -1744, -10227), (-159, 435, 35)]
[(-13333, -1744, -10227), (-159, 435, 35)]
[(-13333, -1744, -10227), (-159, 435, 35)]
[(-13333, -1744, -10227), (-159, 435, 35)]
[(-13333, -1744, -10227), (-159, 435, 35)]
[(-13333, -1744, -10227), (-159, 435, 35)]
[(-13333, -1744, -10227), (-159, 435, 35)]
[(-13356, -1756, -10224), (-24, 451, 54)]
[(-13356, -1756, -10224), (-24, 451, 54)]
[(-13356, -1756, -10224), (-24, 451, 54)]
[(-13361, -1808, -10187), (-14, 431, 0)]
[(-13361, -1808, -10187), (-14, 431, 0)]
[(-13361, -1808, -10187), (-14, 431, 0)]
[(-13361, -1808, -10187), (-14, 431, 0)]
[(-13361, -1808, -10187), (-14, 431, 0)]
[(-13361, -1808, -10187), (-14, 431, 0)]
[(-13361, -1808, -10187), (-14, 431, 0)]
[(-13361, -1808, -10187), (-14, 431, 0)]
[(-13361, -1808, -10187), (-14, 431, 0)]
[(-13361, -1808, -10187), (-14, 431, 0)]
[(-13407, -1693, -10129), (-121, 257, 71)]
[(-13407, -1693, -10129), (-121, 257, 71)]
[(-13407, -1693, -10129), (-121, 257, 71)]
[(-13430, -1761, -10100), (-153, 271, 3)]
[(-13430, -1761, -10100), (-153, 271, 3)]
[(-13430, -1761, -10100), (-153, 271, 3)]
[(-13430, -1761, -10100), (-153, 271, 3)]
[(-13430, -1761, -10100), (-153, 271, 3)]
[(-13411, -1733, -10096), (-145, 333, -49)]
[(-13411, -1733, -10096), (-145, 333, -49)]
[(-13411, -1733, -10096), (-145, 333, -49)]
[(-13411, -1733, -10096), (-145, 333, -49)]
[(-13411, -1733, -10096), (-145, 333, -49)]
[(-13411, -1733, -10096), (-145, 333, -49)]
[(-13430, -1769, -10090), (-128, 337, -41)]
[(-13430, -1769, -10090), (-128, 337, -41)]
[(-13430, -1769, -10090), (-128, 337, -41)]
[(-13430, -1769, -10090), (-128, 337, -41)]
[(-13430, -1769, -10090), (-128, 337, -41)]
[(-13430, -1769, -10090), (-128, 337, -41)]
[(-13430, -1769, -10090), (-128, 337, -41)]
[(-13430, -1769, -10090), (-128, 337, -41)]
[(-13430, -1769, -10090), (-128, 337, -41)]
[(-13422, -1755, -10108), (-119, 449, -6)]
[(-13422, -1755, -10108), (-119, 449, -6)]
[(-13422, -1755, -10108), (-119, 449, -6)]
[(-13375, -1763, -10134), (0, 505, -12)]
[(-13375, -1763, -10134), (0, 505, -12)]
[(-13375, -1763, -10134), (0, 505, -12)]
[(-13375, -1763, -10134), (0, 505, -12)]
[(-13375, -1763, -10134), (0, 505, -12)]
[(-13375, -1763, -10134), (0, 505, -12)]
[(-13374, -1792, -10145), (-27, 476, -42)]
[(-13374, -1792, -10145), (-27, 476, -42)]
[(-13374, -1792, -10145), (-27, 476, -42)]