[(-9726, 12460, -4959), (-10, 58, 47)]
[(-9651, 12520, -5024), (-6, 52, 39)]
[(-9651, 12520, -5024), (-6, 52, 39)]
[(-9651, 12520, -5024), (-6, 52, 39)]
[(-9651, 12520, -5024), (-6, 52, 39)]
[(-9592, 12609, -5091), (-20, 57, 25)]
[(-9592, 12609, -5091), (-20, 57, 25)]
[(-9592, 12609, -5091), (-20, 57, 25)]
[(-9592, 12609, -5091), (-20, 57, 25)]
[(-9542, 12688, -5148), (-18, 67, 24)]
[(-9542, 12688, -5148), (-18, 67, 24)]
[(-9542, 12688, -5148), (-18, 67, 24)]
[(-9542, 12688, -5148), (-18, 67, 24)]
[(-9542, 12688, -5148), (-18, 67, 24)]
[(-9542, 12688, -5148), (-18, 67, 24)]
[(-9542, 12688, -5148), (-18, 67, 24)]
[(-9485, 12713, -5152), (-20, 58, 22)]
[(-9485, 12713, -5152), (-20, 58, 22)]
[(-9485, 12713, -5152), (-20, 58, 22)]
[(-9485, 12713, -5152), (-20, 58, 22)]
[(-9485, 12713, -5152), (-20, 58, 22)]
[(-9485, 12713, -5152), (-20, 58, 22)]
[(-9470, 12728, -5142), (-24, 51, 11)]
[(-9470, 12728, -5142), (-24, 51, 11)]
[(-9470, 12728, -5142), (-24, 51, 11)]
[(-9470, 12728, -5142), (-24, 51, 11)]
[(-9470, 12728, -5142), (-24, 51, 11)]
[(-9444, 12734, -5152), (-30, 48, 3)]
[(-9444, 12734, -5152), (-30, 48, 3)]
[(-9444, 12734, -5152), (-30, 48, 3)]
[(-9444, 12734, -5152), (-30, 48, 3)]
[(-9444, 12734, -5152), (-30, 48, 3)]
[(-9444, 12734, -5152), (-30, 48, 3)]
[(-9444, 12734, -5152), (-30, 48, 3)]
[(-9424, 12737, -5068), (-67, 2, -4)]
[(-9424, 12737, -5068), (-67, 2, -4)]
[(-9424, 12737, -5068), (-67, 2, -4)]
[(-9424, 12737, -5068), (-67, 2, -4)]
[(-9424, 12737, -5068), (-67, 2, -4)]
[(-9424, 12737, -5068), (-67, 2, -4)]
[(-9424, 12737, -5068), (-67, 2, -4)]
[(-9424, 12737, -5068), (-67, 2, -4)]
[(-9485, 12705, -4931), (-76, -24, 0)]
[(-9485, 12705, -4931), (-76, -24, 0)]
[(-9485, 12705, -4931), (-76, -24, 0)]
[(-9500, 12744, -4784), (-29, -9, 2)]
[(-9500, 12744, -4784), (-29, -9, 2)]
[(-9500, 12744, -4784), (-29, -9, 2)]
[(-9500, 12744, -4784), (-29, -9, 2)]
[(-9500, 12744, -4784), (-29, -9, 2)]
[(-9500, 12744, -4784), (-29, -9, 2)]
[(-9500, 12744, -4784), (-29, -9, 2)]
[(-9512, 12787, -4708), (-27, 6, 3)]
[(-9512, 12787, -4708), (-27, 6, 3)]
[(-9512, 12787, -4708), (-27, 6, 3)]
[(-9512, 12787, -4708), (-27, 6, 3)]
[(-9512, 12787, -4708), (-27, 6, 3)]
[(-9512, 12787, -4708), (-27, 6, 3)]
[(-9508, 12784, -4653), (-19, 7, 3)]
[(-9508, 12784, -4653), (-19, 7, 3)]
[(-9508, 12784, -4653), (-19, 7, 3)]
[(-9508, 12784, -4653), (-19, 7, 3)]
[(-9508, 12784, -4653), (-19, 7, 3)]
[(-9493, 12774, -4573), (-48, 16, -21)]
[(-9493, 12774, -4573), (-48, 16, -21)]
[(-9493, 12774, -4573), (-48, 16, -21)]
[(-9493, 12774, -4573), (-48, 16, -21)]
[(-9493, 12774, -4573), (-48, 16, -21)]
[(-9493, 12774, -4573), (-48, 16, -21)]
[(-9566, 12748, -4547), (-70, 67, -46)]
[(-9566, 12748, -4547), (-70, 67, -46)]
[(-9566, 12748, -4547), (-70, 67, -46)]
[(-9566, 12748, -4547), (-70, 67, -46)]
[(-9566, 12748, -4547), (-70, 67, -46)]
[(-9566, 12748, -4547), (-70, 67, -46)]
[(-9566, 12748, -4547), (-70, 67, -46)]
[(-9606, 12751, -4521), (-44, 98, -45)]
[(-9606, 12751, -4521), (-44, 98, -45)]
[(-9606, 12751, -4521), (-44, 98, -45)]
[(-9606, 12751, -4521), (-44, 98, -45)]
[(-9606, 12751, -4521), (-44, 98, -45)]
[(-9687, 12716, -4556), (-28, 96, -33)]
[(-9687, 12716, -4556), (-28, 96, -33)]
[(-9687, 12716, -4556), (-28, 96, -33)]
[(-9687, 12716, -4556), (-28, 96, -33)]
[(-9687, 12716, -4556), (-28, 96, -33)]
[(-9687, 12716, -4556), (-28, 96, -33)]
[(-9687, 12681, -4567), (-17, 74, -18)]
[(-9687, 12681, -4567), (-17, 74, -18)]
[(-9687, 12681, -4567), (-17, 74, -18)]
[(-9687, 12681, -4567), (-17, 74, -18)]
[(-9687, 12681, -4567), (-17, 74, -18)]
[(-9687, 12681, -4567), (-17, 74, -18)]
[(-9656, 12696, -4572), (-16, 69, -21)]
[(-9656, 12696, -4572), (-16, 69, -21)]
[(-9656, 12696, -4572), (-16, 69, -21)]
[(-9656, 12696, -4572), (-16, 69, -21)]
[(-9656, 12696, -4572), (-16, 69, -21)]
[(-9712, 12668, -4622), (-12, 68, -26)]
[(-9712, 12668, -4622), (-12, 68, -26)]
[(-9712, 12668, -4622), (-12, 68, -26)]
[(-9712, 12668, -4622), (-12, 68, -26)]
[(-9712, 12668, -4622), (-12, 68, -26)]
[(-9735, 12644, -4634), (-9, 56, -21)]
[(-9735, 12644, -4634), (-9, 56, -21)]
[(-9735, 12644, -4634), (-9, 56, -21)]
[(-9735, 12644, -4634), (-9, 56, -21)]
[(-9735, 12644, -4634), (-9, 56, -21)]
[(-9735, 12644, -4634), (-9, 56, -21)]
[(-9735, 12644, -4634), (-9, 56, -21)]
[(-9735, 12644, -4634), (-9, 56, -21)]
[(-9748, 12591, -4648), (-3, 58, -18)]
[(-9748, 12591, -4648), (-3, 58, -18)]
[(-9748, 12591, -4648), (-3, 58, -18)]
[(-9748, 12591, -4648), (-3, 58, -18)]
[(-9748, 12591, -4648), (-3, 58, -18)]
[(-9690, 12468, -4583), (-24, 159, -95)]
[(-9690, 12468, -4583), (-24, 159, -95)]