[(-15169, 1243, -5899), (-279, 263, 87)]
[(-15169, 1243, -5899), (-279, 263, 87)]
[(-15169, 1243, -5899), (-279, 263, 87)]
[(-15200, 1292, -5901), (-189, 100, 17)]
[(-15200, 1292, -5901), (-189, 100, 17)]
[(-15200, 1292, -5901), (-189, 100, 17)]
[(-15200, 1292, -5901), (-189, 100, 17)]
[(-15200, 1292, -5901), (-189, 100, 17)]
[(-15211, 1332, -5843), (-225, 61, 35)]
[(-15211, 1332, -5843), (-225, 61, 35)]
[(-15211, 1332, -5843), (-225, 61, 35)]
[(-15211, 1332, -5843), (-225, 61, 35)]
[(-15211, 1332, -5843), (-225, 61, 35)]
[(-15211, 1332, -5843), (-225, 61, 35)]
[(-15246, 1344, -5804), (-112, 92, 32)]
[(-15246, 1344, -5804), (-112, 92, 32)]
[(-15246, 1344, -5804), (-112, 92, 32)]
[(-15246, 1344, -5804), (-112, 92, 32)]
[(-15246, 1344, -5804), (-112, 92, 32)]
[(-15246, 1344, -5804), (-112, 92, 32)]
[(-15246, 1344, -5804), (-112, 92, 32)]
[(-15221, 1340, -5756), (-67, 143, 5)]
[(-15221, 1340, -5756), (-67, 143, 5)]
[(-15221, 1340, -5756), (-67, 143, 5)]
[(-15221, 1340, -5756), (-67, 143, 5)]
[(-15221, 1340, -5756), (-67, 143, 5)]
[(-15240, 1307, -5712), (16, 164, -5)]
[(-15240, 1307, -5712), (16, 164, -5)]
[(-15240, 1307, -5712), (16, 164, -5)]
[(-15240, 1307, -5712), (16, 164, -5)]
[(-15240, 1307, -5712), (16, 164, -5)]
[(-15240, 1307, -5712), (16, 164, -5)]
[(-15240, 1307, -5712), (16, 164, -5)]
[(-15241, 1309, -5700), (-50, 178, 109)]
[(-15241, 1309, -5700), (-50, 178, 109)]
[(-15241, 1309, -5700), (-50, 178, 109)]
[(-15241, 1309, -5700), (-50, 178, 109)]
[(-15256, 1292, -5715), (8, 109, 96)]
[(-15256, 1292, -5715), (8, 109, 96)]
[(-15256, 1292, -5715), (8, 109, 96)]
[(-15256, 1292, -5715), (8, 109, 96)]
[(-15256, 1292, -5715), (8, 109, 96)]
[(-15256, 1292, -5715), (8, 109, 96)]
[(-15256, 1292, -5715), (8, 109, 96)]
[(-15245, 1263, -5733), (-18, 179, 66)]
[(-15245, 1263, -5733), (-18, 179, 66)]
[(-15245, 1263, -5733), (-18, 179, 66)]
[(-15245, 1263, -5733), (-18, 179, 66)]
[(-15245, 1263, -5733), (-18, 179, 66)]
[(-15245, 1263, -5733), (-18, 179, 66)]
[(-15236, 1249, -5718), (-60, 226, 46)]
[(-15236, 1249, -5718), (-60, 226, 46)]
[(-15236, 1249, -5718), (-60, 226, 46)]
[(-15236, 1249, -5718), (-60, 226, 46)]
[(-15236, 1249, -5718), (-60, 226, 46)]
[(-15236, 1232, -5715), (-128, 174, -6)]
[(-15236, 1232, -5715), (-128, 174, -6)]
[(-15236, 1232, -5715), (-128, 174, -6)]
[(-15236, 1232, -5715), (-128, 174, -6)]
[(-15236, 1232, -5715), (-128, 174, -6)]
[(-15236, 1232, -5715), (-128, 174, -6)]
[(-15236, 1232, -5715), (-128, 174, -6)]
[(-15236, 1232, -5715), (-128, 174, -6)]
[(-15236, 1232, -5715), (-128, 174, -6)]
[(-15238, 1227, -5693), (-125, 169, 18)]
[(-15238, 1227, -5693), (-125, 169, 18)]
[(-15238, 1227, -5693), (-125, 169, 18)]
[(-15238, 1227, -5693), (-125, 169, 18)]
[(-15281, 1244, -5654), (-147, 197, 43)]
[(-15281, 1244, -5654), (-147, 197, 43)]
[(-15281, 1244, -5654), (-147, 197, 43)]
[(-15281, 1244, -5654), (-147, 197, 43)]
[(-15281, 1244, -5654), (-147, 197, 43)]
[(-15299, 1238, -5642), (-23, 186, 15)]
[(-15299, 1238, -5642), (-23, 186, 15)]
[(-15299, 1238, -5642), (-23, 186, 15)]
[(-15299, 1238, -5642), (-23, 186, 15)]
[(-15299, 1238, -5642), (-23, 186, 15)]
[(-15299, 1238, -5642), (-23, 186, 15)]
[(-15299, 1238, -5642), (-23, 186, 15)]
[(-15299, 1238, -5642), (-23, 186, 15)]
[(-15299, 1238, -5642), (-23, 186, 15)]
[(-15332, 1239, -5645), (-5, 235, 90)]
[(-15332, 1239, -5645), (-5, 235, 90)]
[(-15332, 1239, -5645), (-5, 235, 90)]
[(-15332, 1239, -5645), (-5, 235, 90)]
[(-15358, 1232, -5622), (22, 244, 73)]
[(-15358, 1232, -5622), (22, 244, 73)]
[(-15358, 1232, -5622), (22, 244, 73)]
[(-15358, 1232, -5622), (22, 244, 73)]
[(-15358, 1232, -5622), (22, 244, 73)]
[(-15361, 1178, -5605), (0, 193, -16)]
[(-15361, 1178, -5605), (0, 193, -16)]
[(-15361, 1178, -5605), (0, 193, -16)]
[(-15361, 1178, -5605), (0, 193, -16)]
[(-15361, 1178, -5605), (0, 193, -16)]
[(-15361, 1178, -5605), (0, 193, -16)]
[(-15361, 1178, -5605), (0, 193, -16)]
[(-15338, 1158, -5600), (-56, 142, -65)]
[(-15338, 1158, -5600), (-56, 142, -65)]
[(-15338, 1158, -5600), (-56, 142, -65)]
[(-15338, 1158, -5600), (-56, 142, -65)]
[(-15338, 1158, -5600), (-56, 142, -65)]
[(-15338, 1158, -5600), (-56, 142, -65)]
[(-15343, 1108, -5583), (-82, 203, -14)]
[(-15343, 1108, -5583), (-82, 203, -14)]
[(-15343, 1108, -5583), (-82, 203, -14)]
[(-15343, 1108, -5583), (-82, 203, -14)]
[(-15343, 1108, -5583), (-82, 203, -14)]
[(-15296, 1101, -5586), (-71, 248, 34)]
[(-15296, 1101, -5586), (-71, 248, 34)]
[(-15296, 1101, -5586), (-71, 248, 34)]
[(-15296, 1101, -5586), (-71, 248, 34)]
[(-15296, 1101, -5586), (-71, 248, 34)]
[(-15296, 1101, -5586), (-71, 248, 34)]
[(-15296, 1101, -5586), (-71, 248, 34)]
[(-15293, 1148, -5561), (-61, 233, 37)]
[(-15293, 1148, -5561), (-61, 233, 37)]
[(-15293, 1148, -5561), (-61, 233, 37)]
[(-15293, 1148, -5561), (-61, 233, 37)]
[(-15293, 1148, -5561), (-61, 233, 37)]
[(-15293, 1148, -5561), (-61, 233, 37)]
[(-15272, 1149, -5525), (-96, 193, 10)]
[(-15272, 1149, -5525), (-96, 193, 10)]
[(-15272, 1149, -5525), (-96, 193, 10)]
[(-15272, 1149, -5525), (-96, 193, 10)]
[(-15272, 1149, -5525), (-96, 193, 10)]
[(-15252, 1152, -5516), (-160, 188, -32)]
[(-15252, 1152, -5516), (-160, 188, -32)]
[(-15252, 1152, -5516), (-160, 188, -32)]
[(-15252, 1152, -5516), (-160, 188, -32)]
[(-15252, 1152, -5516), (-160, 188, -32)]
[(-15252, 1152, -5516), (-160, 188, -32)]
[(-15252, 1152, -5516), (-160, 188, -32)]
[(-15248, 1134, -5520), (-159, 193, -117)]
[(-15248, 1134, -5520), (-159, 193, -117)]
[(-15248, 1134, -5520), (-159, 193, -117)]
[(-15248, 1134, -5520), (-159, 193, -117)]
[(-15248, 1134, -5520), (-159, 193, -117)]
[(-15248, 1134, -5520), (-159, 193, -117)]
[(-15256, 1168, -5562), (-240, 302, -38)]
[(-15256, 1168, -5562), (-240, 302, -38)]
[(-15256, 1168, -5562), (-240, 302, -38)]
[(-15256, 1168, -5562), (-240, 302, -38)]
[(-15256, 1168, -5562), (-240, 302, -38)]
[(-15268, 1175, -5590), (-260, 245, -93)]
[(-15268, 1175, -5590), (-260, 245, -93)]
[(-15268, 1175, -5590), (-260, 245, -93)]
[(-15268, 1175, -5590), (-260, 245, -93)]
[(-15268, 1175, -5590), (-260, 245, -93)]
[(-15268, 1175, -5590), (-260, 245, -93)]
[(-15268, 1175, -5590), (-260, 245, -93)]
[(-15252, 1184, -5596), (-253, 243, -102)]
[(-15252, 1184, -5596), (-253, 243, -102)]
[(-15252, 1184, -5596), (-253, 243, -102)]
[(-15252, 1184, -5596), (-253, 243, -102)]
[(-15252, 1184, -5596), (-253, 243, -102)]
[(-15252, 1184, -5596), (-253, 243, -102)]
[(-15257, 1196, -5555), (-459, 231, -105)]
[(-15257, 1196, -5555), (-459, 231, -105)]
[(-15257, 1196, -5555), (-459, 231, -105)]
[(-15257, 1196, -5555), (-459, 231, -105)]
[(-15280, 1267, -5552), (-1061, 207, 26)]
[(-15280, 1267, -5552), (-1061, 207, 26)]
[(-15280, 1267, -5552), (-1061, 207, 26)]
[(-15280, 1267, -5552), (-1061, 207, 26)]
[(-15280, 1267, -5552), (-1061, 207, 26)]
[(-15280, 1267, -5552), (-1061, 207, 26)]
[(-15280, 1267, -5552), (-1061, 207, 26)]
[(-15268, 1348, -5579), (-942, 266, 55)]
[(-15268, 1348, -5579), (-942, 266, 55)]
[(-15268, 1348, -5579), (-942, 266, 55)]
[(-15268, 1348, -5579), (-942, 266, 55)]
[(-15268, 1348, -5579), (-942, 266, 55)]
[(-15268, 1348, -5579), (-942, 266, 55)]
[(-15248, 1388, -5593), (-1055, 164, -122)]
[(-15248, 1388, -5593), (-1055, 164, -122)]
[(-15248, 1388, -5593), (-1055, 164, -122)]
[(-15248, 1388, -5593), (-1055, 164, -122)]
[(-15248, 1388, -5593), (-1055, 164, -122)]
[(-15337, 1356, -5424), (-878, -435, -51)]
[(-15337, 1356, -5424), (-878, -435, -51)]
[(-15337, 1356, -5424), (-878, -435, -51)]
[(-15337, 1356, -5424), (-878, -435, -51)]
[(-15337, 1356, -5424), (-878, -435, -51)]