[(-15070, 1472, -6396), (-206, 47, 232)]
[(-15080, 1513, -6409), (-107, 38, 205)]
[(-15080, 1513, -6409), (-107, 38, 205)]
[(-15080, 1513, -6409), (-107, 38, 205)]
[(-15080, 1513, -6409), (-107, 38, 205)]
[(-15044, 1538, -6412), (-63, 116, 188)]
[(-15044, 1538, -6412), (-63, 116, 188)]
[(-15044, 1538, -6412), (-63, 116, 188)]
[(-15044, 1538, -6412), (-63, 116, 188)]
[(-15044, 1538, -6412), (-63, 116, 188)]
[(-15005, 1592, -6384), (-108, 141, 132)]
[(-15005, 1592, -6384), (-108, 141, 132)]
[(-15005, 1592, -6384), (-108, 141, 132)]
[(-15005, 1592, -6384), (-108, 141, 132)]
[(-15005, 1592, -6384), (-108, 141, 132)]
[(-15005, 1592, -6384), (-108, 141, 132)]
[(-15005, 1592, -6384), (-108, 141, 132)]
[(-15005, 1592, -6384), (-108, 141, 132)]
[(-14940, 1620, -6369), (-23, 102, 95)]
[(-14940, 1620, -6369), (-23, 102, 95)]
[(-14940, 1620, -6369), (-23, 102, 95)]
[(-14940, 1620, -6369), (-23, 102, 95)]
[(-14940, 1620, -6369), (-23, 102, 95)]
[(-14968, 1646, -6372), (-33, 92, 9)]
[(-14968, 1646, -6372), (-33, 92, 9)]
[(-14968, 1646, -6372), (-33, 92, 9)]
[(-14968, 1646, -6372), (-33, 92, 9)]
[(-14968, 1646, -6372), (-33, 92, 9)]
[(-14968, 1646, -6372), (-33, 92, 9)]
[(-14968, 1672, -6386), (-67, 135, -11)]
[(-14968, 1672, -6386), (-67, 135, -11)]
[(-14968, 1672, -6386), (-67, 135, -11)]
[(-14968, 1672, -6386), (-67, 135, -11)]
[(-14968, 1672, -6386), (-67, 135, -11)]
[(-14968, 1672, -6386), (-67, 135, -11)]
[(-14968, 1672, -6386), (-67, 135, -11)]
[(-14953, 1642, -6386), (-154, 134, -62)]
[(-14953, 1642, -6386), (-154, 134, -62)]
[(-14953, 1642, -6386), (-154, 134, -62)]
[(-14953, 1642, -6386), (-154, 134, -62)]
[(-14953, 1642, -6386), (-154, 134, -62)]
[(-14958, 1640, -6385), (-188, 153, -78)]
[(-14958, 1640, -6385), (-188, 153, -78)]
[(-14958, 1640, -6385), (-188, 153, -78)]
[(-14958, 1640, -6385), (-188, 153, -78)]
[(-14958, 1640, -6385), (-188, 153, -78)]
[(-14958, 1640, -6385), (-188, 153, -78)]
[(-14965, 1665, -6377), (-203, 116, -159)]
[(-14965, 1665, -6377), (-203, 116, -159)]
[(-14965, 1665, -6377), (-203, 116, -159)]
[(-14965, 1665, -6377), (-203, 116, -159)]
[(-14965, 1665, -6377), (-203, 116, -159)]
[(-14965, 1665, -6377), (-203, 116, -159)]
[(-14965, 1665, -6377), (-203, 116, -159)]
[(-14964, 1657, -6353), (-211, 147, -140)]
[(-14964, 1657, -6353), (-211, 147, -140)]
[(-14964, 1657, -6353), (-211, 147, -140)]
[(-14964, 1657, -6353), (-211, 147, -140)]
[(-14964, 1657, -6353), (-211, 147, -140)]
[(-14964, 1666, -6357), (-177, 212, -98)]
[(-14964, 1666, -6357), (-177, 212, -98)]
[(-14964, 1666, -6357), (-177, 212, -98)]
[(-14964, 1666, -6357), (-177, 212, -98)]
[(-14964, 1666, -6357), (-177, 212, -98)]
[(-14964, 1666, -6357), (-177, 212, -98)]
[(-14968, 1680, -6316), (-155, 223, -117)]
[(-14968, 1680, -6316), (-155, 223, -117)]
[(-14968, 1680, -6316), (-155, 223, -117)]
[(-14968, 1680, -6316), (-155, 223, -117)]
[(-14968, 1680, -6316), (-155, 223, -117)]
[(-14968, 1680, -6316), (-155, 223, -117)]
[(-14968, 1680, -6316), (-155, 223, -117)]
[(-14972, 1672, -6293), (-104, 210, -110)]
[(-14972, 1672, -6293), (-104, 210, -110)]
[(-14972, 1672, -6293), (-104, 210, -110)]
[(-14972, 1672, -6293), (-104, 210, -110)]
[(-14972, 1672, -6293), (-104, 210, -110)]
[(-14952, 1661, -6270), (-127, 185, -31)]
[(-14952, 1661, -6270), (-127, 185, -31)]
[(-14952, 1661, -6270), (-127, 185, -31)]
[(-14952, 1661, -6270), (-127, 185, -31)]
[(-14952, 1661, -6270), (-127, 185, -31)]
[(-14952, 1661, -6270), (-127, 185, -31)]
[(-14946, 1678, -6308), (-175, 178, 53)]
[(-14946, 1678, -6308), (-175, 178, 53)]
[(-14946, 1678, -6308), (-175, 178, 53)]
[(-14946, 1678, -6308), (-175, 178, 53)]
[(-14946, 1678, -6308), (-175, 178, 53)]
[(-14946, 1678, -6308), (-175, 178, 53)]
[(-14946, 1678, -6308), (-175, 178, 53)]
[(-14965, 1700, -6306), (-210, 188, 49)]
[(-14965, 1700, -6306), (-210, 188, 49)]
[(-14965, 1700, -6306), (-210, 188, 49)]
[(-14965, 1700, -6306), (-210, 188, 49)]
[(-14965, 1700, -6306), (-210, 188, 49)]
[(-14955, 1725, -6319), (-175, 230, 69)]
[(-14955, 1725, -6319), (-175, 230, 69)]
[(-14955, 1725, -6319), (-175, 230, 69)]
[(-14955, 1725, -6319), (-175, 230, 69)]
[(-14955, 1725, -6319), (-175, 230, 69)]
[(-14955, 1725, -6319), (-175, 230, 69)]
[(-14961, 1744, -6307), (-112, 201, 73)]
[(-14961, 1744, -6307), (-112, 201, 73)]
[(-14961, 1744, -6307), (-112, 201, 73)]
[(-14961, 1744, -6307), (-112, 201, 73)]
[(-14961, 1744, -6307), (-112, 201, 73)]
[(-14961, 1744, -6307), (-112, 201, 73)]
[(-14961, 1744, -6307), (-112, 201, 73)]
[(-14956, 1749, -6296), (-90, 197, 80)]
[(-14956, 1749, -6296), (-90, 197, 80)]
[(-14956, 1749, -6296), (-90, 197, 80)]
[(-14956, 1749, -6296), (-90, 197, 80)]
[(-14956, 1749, -6296), (-90, 197, 80)]
[(-14965, 1764, -6288), (-81, 204, 60)]
[(-14965, 1764, -6288), (-81, 204, 60)]
[(-14965, 1764, -6288), (-81, 204, 60)]
[(-14965, 1764, -6288), (-81, 204, 60)]
[(-14965, 1764, -6288), (-81, 204, 60)]
[(-14965, 1764, -6288), (-81, 204, 60)]
[(-14968, 1752, -6278), (-101, 196, 37)]
[(-14968, 1752, -6278), (-101, 196, 37)]
[(-14968, 1752, -6278), (-101, 196, 37)]
[(-14968, 1752, -6278), (-101, 196, 37)]
[(-14968, 1752, -6278), (-101, 196, 37)]
[(-14963, 1745, -6298), (-148, 210, -41)]
[(-14963, 1745, -6298), (-148, 210, -41)]
[(-14963, 1745, -6298), (-148, 210, -41)]
[(-14963, 1745, -6298), (-148, 210, -41)]
[(-14963, 1745, -6298), (-148, 210, -41)]
[(-14963, 1745, -6298), (-148, 210, -41)]
[(-14963, 1745, -6298), (-148, 210, -41)]
[(-14963, 1745, -6298), (-148, 210, -41)]
[(-14963, 1745, -6298), (-148, 210, -41)]
[(-14964, 1742, -6308), (-204, 209, -70)]
[(-14964, 1742, -6308), (-204, 209, -70)]
[(-14964, 1742, -6308), (-204, 209, -70)]
[(-14964, 1742, -6308), (-204, 209, -70)]
[(-14985, 1744, -6296), (-295, 211, -127)]
[(-14985, 1744, -6296), (-295, 211, -127)]
[(-14985, 1744, -6296), (-295, 211, -127)]
[(-14985, 1744, -6296), (-295, 211, -127)]
[(-14985, 1744, -6296), (-295, 211, -127)]
[(-15017, 1799, -6269), (-305, 184, -129)]
[(-15017, 1799, -6269), (-305, 184, -129)]
[(-15017, 1799, -6269), (-305, 184, -129)]
[(-15017, 1799, -6269), (-305, 184, -129)]
[(-15017, 1799, -6269), (-305, 184, -129)]
[(-15017, 1799, -6269), (-305, 184, -129)]
[(-15017, 1799, -6269), (-305, 184, -129)]
[(-15036, 1827, -6264), (-269, 179, -56)]
[(-15036, 1827, -6264), (-269, 179, -56)]
[(-15036, 1827, -6264), (-269, 179, -56)]
[(-15036, 1827, -6264), (-269, 179, -56)]
[(-15036, 1827, -6264), (-269, 179, -56)]
[(-15036, 1827, -6264), (-269, 179, -56)]
[(-15009, 1797, -6267), (-188, 221, -22)]
[(-15009, 1797, -6267), (-188, 221, -22)]
[(-15009, 1797, -6267), (-188, 221, -22)]
[(-15009, 1797, -6267), (-188, 221, -22)]
[(-15009, 1797, -6267), (-188, 221, -22)]
[(-15004, 1777, -6282), (-173, 220, -44)]
[(-15004, 1777, -6282), (-173, 220, -44)]
[(-15004, 1777, -6282), (-173, 220, -44)]
[(-15004, 1777, -6282), (-173, 220, -44)]
[(-15004, 1777, -6282), (-173, 220, -44)]
[(-15004, 1777, -6282), (-173, 220, -44)]
[(-15004, 1777, -6282), (-173, 220, -44)]
[(-14987, 1770, -6281), (-207, 203, -68)]
[(-14987, 1770, -6281), (-207, 203, -68)]
[(-14987, 1770, -6281), (-207, 203, -68)]
[(-14987, 1770, -6281), (-207, 203, -68)]
[(-14987, 1770, -6281), (-207, 203, -68)]
[(-14987, 1770, -6281), (-207, 203, -68)]
[(-14950, 1810, -6363), (-410, 292, -72)]
[(-14950, 1810, -6363), (-410, 292, -72)]
[(-14950, 1810, -6363), (-410, 292, -72)]
[(-14950, 1810, -6363), (-410, 292, -72)]
[(-14950, 1810, -6363), (-410, 292, -72)]
[(-14983, 1797, -6359), (-307, 271, -46)]
[(-14983, 1797, -6359), (-307, 271, -46)]
[(-14983, 1797, -6359), (-307, 271, -46)]
[(-14983, 1797, -6359), (-307, 271, -46)]
[(-14983, 1797, -6359), (-307, 271, -46)]
[(-14983, 1797, -6359), (-307, 271, -46)]
[(-14983, 1797, -6359), (-307, 271, -46)]
[(-14957, 1795, -6312), (-406, 241, -28)]
[(-14957, 1795, -6312), (-406, 241, -28)]
[(-14957, 1795, -6312), (-406, 241, -28)]
[(-14957, 1795, -6312), (-406, 241, -28)]
[(-14957, 1795, -6312), (-406, 241, -28)]
[(-14957, 1795, -6312), (-406, 241, -28)]
[(-14981, 1805, -6282), (-465, 177, 20)]
[(-14981, 1805, -6282), (-465, 177, 20)]
[(-14981, 1805, -6282), (-465, 177, 20)]
[(-14981, 1805, -6282), (-465, 177, 20)]
[(-14981, 1805, -6282), (-465, 177, 20)]
[(-14966, 1767, -6236), (-455, 131, -247)]
[(-14966, 1767, -6236), (-455, 131, -247)]
[(-14966, 1767, -6236), (-455, 131, -247)]
[(-14966, 1767, -6236), (-455, 131, -247)]
[(-14966, 1767, -6236), (-455, 131, -247)]
[(-14966, 1767, -6236), (-455, 131, -247)]
[(-14966, 1767, -6236), (-455, 131, -247)]
[(-15082, 1673, -6228), (-912, 343, -106)]