[(-13952, 7454, -3844), (-111, 258, -1)]
[(-13967, 7463, -3867), (-91, 273, -14)]
[(-13967, 7463, -3867), (-91, 273, -14)]
[(-13967, 7463, -3867), (-91, 273, -14)]
[(-13967, 7463, -3867), (-91, 273, -14)]
[(-13967, 7463, -3867), (-91, 273, -14)]
[(-13967, 7463, -3867), (-91, 273, -14)]
[(-13987, 7444, -3851), (-114, 310, -19)]
[(-13987, 7444, -3851), (-114, 310, -19)]
[(-13987, 7444, -3851), (-114, 310, -19)]
[(-13987, 7444, -3851), (-114, 310, -19)]
[(-13987, 7444, -3851), (-114, 310, -19)]
[(-13968, 7448, -3868), (-99, 257, -25)]
[(-13968, 7448, -3868), (-99, 257, -25)]
[(-13968, 7448, -3868), (-99, 257, -25)]
[(-13968, 7448, -3868), (-99, 257, -25)]
[(-13968, 7448, -3868), (-99, 257, -25)]
[(-13968, 7448, -3868), (-99, 257, -25)]
[(-13968, 7448, -3868), (-99, 257, -25)]
[(-13975, 7449, -3838), (-101, 249, -12)]
[(-13975, 7449, -3838), (-101, 249, -12)]
[(-13975, 7449, -3838), (-101, 249, -12)]
[(-13975, 7449, -3838), (-101, 249, -12)]
[(-13975, 7449, -3838), (-101, 249, -12)]
[(-13975, 7449, -3838), (-101, 249, -12)]
[(-13964, 7412, -3858), (-102, 296, 6)]
[(-13964, 7412, -3858), (-102, 296, 6)]
[(-13964, 7412, -3858), (-102, 296, 6)]
[(-13964, 7412, -3858), (-102, 296, 6)]
[(-13964, 7412, -3858), (-102, 296, 6)]
[(-13931, 7439, -3924), (-108, 526, -25)]
[(-13931, 7439, -3924), (-108, 526, -25)]
[(-13931, 7439, -3924), (-108, 526, -25)]
[(-13931, 7439, -3924), (-108, 526, -25)]
[(-13931, 7439, -3924), (-108, 526, -25)]
[(-13931, 7439, -3924), (-108, 526, -25)]
[(-13929, 7484, -3942), (-232, 540, -69)]
[(-13929, 7484, -3942), (-232, 540, -69)]
[(-13929, 7484, -3942), (-232, 540, -69)]
[(-13929, 7484, -3942), (-232, 540, -69)]
[(-13929, 7484, -3942), (-232, 540, -69)]
[(-13929, 7484, -3942), (-232, 540, -69)]
[(-13929, 7484, -3942), (-232, 540, -69)]
[(-13978, 7437, -3861), (-289, 572, -64)]
[(-13978, 7437, -3861), (-289, 572, -64)]
[(-13978, 7437, -3861), (-289, 572, -64)]
[(-13978, 7437, -3861), (-289, 572, -64)]
[(-13978, 7437, -3861), (-289, 572, -64)]
[(-13991, 7443, -3846), (-352, 713, -29)]
[(-13991, 7443, -3846), (-352, 713, -29)]
[(-13991, 7443, -3846), (-352, 713, -29)]
[(-13991, 7443, -3846), (-352, 713, -29)]
[(-13991, 7443, -3846), (-352, 713, -29)]
[(-13991, 7443, -3846), (-352, 713, -29)]
[(-13942, 7470, -3922), (-58, 981, 8)]
[(-13942, 7470, -3922), (-58, 981, 8)]
[(-13942, 7470, -3922), (-58, 981, 8)]
[(-13942, 7470, -3922), (-58, 981, 8)]
[(-13942, 7470, -3922), (-58, 981, 8)]
[(-13942, 7470, -3922), (-58, 981, 8)]
[(-13942, 7470, -3922), (-58, 981, 8)]
[(-13924, 7289, -4090), (-187, 790, -58)]
[(-13924, 7289, -4090), (-187, 790, -58)]
[(-13924, 7289, -4090), (-187, 790, -58)]
[(-13924, 7289, -4090), (-187, 790, -58)]
[(-13924, 7289, -4090), (-187, 790, -58)]
[(-13913, 7336, -4188), (-249, 637, -67)]
[(-13913, 7336, -4188), (-249, 637, -67)]
[(-13913, 7336, -4188), (-249, 637, -67)]
[(-13913, 7336, -4188), (-249, 637, -67)]
[(-13913, 7336, -4188), (-249, 637, -67)]
[(-13913, 7336, -4188), (-249, 637, -67)]
[(-13872, 7406, -4224), (-107, 291, -110)]
[(-13872, 7406, -4224), (-107, 291, -110)]
[(-13872, 7406, -4224), (-107, 291, -110)]
[(-13872, 7406, -4224), (-107, 291, -110)]
[(-13872, 7406, -4224), (-107, 291, -110)]
[(-13872, 7406, -4224), (-107, 291, -110)]
[(-13872, 7406, -4224), (-107, 291, -110)]
[(-13887, 7416, -4180), (3, -77, -30)]
[(-13887, 7416, -4180), (3, -77, -30)]
[(-13887, 7416, -4180), (3, -77, -30)]
[(-13887, 7416, -4180), (3, -77, -30)]
[(-13887, 7416, -4180), (3, -77, -30)]
[(-13916, 7424, -4121), (121, -272, 18)]
[(-13916, 7424, -4121), (121, -272, 18)]
[(-13916, 7424, -4121), (121, -272, 18)]
[(-13916, 7424, -4121), (121, -272, 18)]
[(-13916, 7424, -4121), (121, -272, 18)]
[(-13916, 7424, -4121), (121, -272, 18)]
[(-13938, 7458, -4041), (167, -207, 3)]
[(-13938, 7458, -4041), (167, -207, 3)]
[(-13938, 7458, -4041), (167, -207, 3)]
[(-13938, 7458, -4041), (167, -207, 3)]
[(-13938, 7458, -4041), (167, -207, 3)]
[(-13938, 7458, -4041), (167, -207, 3)]
[(-13938, 7458, -4041), (167, -207, 3)]
[(-13933, 7480, -3991), (139, -26, -6)]
[(-13933, 7480, -3991), (139, -26, -6)]
[(-13933, 7480, -3991), (139, -26, -6)]
[(-13933, 7480, -3991), (139, -26, -6)]
[(-13928, 7475, -3979), (133, 118, 2)]
[(-13928, 7475, -3979), (133, 118, 2)]
[(-13928, 7475, -3979), (133, 118, 2)]
[(-13928, 7475, -3979), (133, 118, 2)]
[(-13928, 7475, -3979), (133, 118, 2)]
[(-13958, 7451, -3968), (69, 125, 41)]
[(-13958, 7451, -3968), (69, 125, 41)]
[(-13958, 7451, -3968), (69, 125, 41)]
[(-13958, 7451, -3968), (69, 125, 41)]
[(-13958, 7451, -3968), (69, 125, 41)]
[(-13958, 7451, -3968), (69, 125, 41)]
[(-13958, 7451, -3968), (69, 125, 41)]
[(-13958, 7451, -3968), (69, 125, 41)]
[(-13953, 7450, -3951), (3, 102, 51)]
[(-13953, 7450, -3951), (3, 102, 51)]
[(-13953, 7450, -3951), (3, 102, 51)]
[(-13953, 7450, -3951), (3, 102, 51)]
[(-13953, 7450, -3951), (3, 102, 51)]
[(-13963, 7432, -3907), (-50, 143, 1)]
[(-13963, 7432, -3907), (-50, 143, 1)]