[(-14636, 1324, -7994), (-52, 347, 1)]
[(-14623, 1309, -7974), (-52, 361, -11)]
[(-14623, 1309, -7974), (-52, 361, -11)]
[(-14623, 1309, -7974), (-52, 361, -11)]
[(-14623, 1309, -7974), (-52, 361, -11)]
[(-14623, 1309, -7974), (-52, 361, -11)]
[(-14623, 1309, -7974), (-52, 361, -11)]
[(-14623, 1309, -7974), (-52, 361, -11)]
[(-14636, 1275, -8000), (-77, 366, -28)]
[(-14636, 1275, -8000), (-77, 366, -28)]
[(-14636, 1275, -8000), (-77, 366, -28)]
[(-14636, 1275, -8000), (-77, 366, -28)]
[(-14636, 1275, -8000), (-77, 366, -28)]
[(-14623, 1279, -7997), (-86, 369, -12)]
[(-14623, 1279, -7997), (-86, 369, -12)]
[(-14623, 1279, -7997), (-86, 369, -12)]
[(-14623, 1279, -7997), (-86, 369, -12)]
[(-14623, 1279, -7997), (-86, 369, -12)]
[(-14623, 1279, -7997), (-86, 369, -12)]
[(-14638, 1257, -7993), (-44, 336, -16)]
[(-14638, 1257, -7993), (-44, 336, -16)]
[(-14638, 1257, -7993), (-44, 336, -16)]
[(-14638, 1257, -7993), (-44, 336, -16)]
[(-14638, 1257, -7993), (-44, 336, -16)]
[(-14625, 1256, -7973), (-1, 301, 5)]
[(-14625, 1256, -7973), (-1, 301, 5)]
[(-14625, 1256, -7973), (-1, 301, 5)]
[(-14625, 1256, -7973), (-1, 301, 5)]
[(-14625, 1256, -7973), (-1, 301, 5)]
[(-14625, 1256, -7973), (-1, 301, 5)]
[(-14625, 1256, -7973), (-1, 301, 5)]
[(-14625, 1256, -7973), (-1, 301, 5)]
[(-14615, 1250, -7939), (137, 252, -92)]
[(-14615, 1250, -7939), (137, 252, -92)]
[(-14615, 1250, -7939), (137, 252, -92)]
[(-14615, 1250, -7939), (137, 252, -92)]
[(-14615, 1250, -7939), (137, 252, -92)]
[(-14628, 1244, -7964), (374, 311, 31)]
[(-14628, 1244, -7964), (374, 311, 31)]
[(-14628, 1244, -7964), (374, 311, 31)]
[(-14628, 1244, -7964), (374, 311, 31)]
[(-14628, 1244, -7964), (374, 311, 31)]
[(-14657, 1171, -7989), (349, 357, 129)]
[(-14657, 1171, -7989), (349, 357, 129)]
[(-14657, 1171, -7989), (349, 357, 129)]
[(-14657, 1171, -7989), (349, 357, 129)]
[(-14657, 1171, -7989), (349, 357, 129)]
[(-14657, 1171, -7989), (349, 357, 129)]
[(-14657, 1171, -7989), (349, 357, 129)]
[(-14657, 1171, -7989), (349, 357, 129)]
[(-14623, 1185, -7910), (335, 288, 94)]
[(-14623, 1185, -7910), (335, 288, 94)]
[(-14623, 1185, -7910), (335, 288, 94)]
[(-14623, 1185, -7910), (335, 288, 94)]
[(-14623, 1185, -7910), (335, 288, 94)]
[(-14649, 1196, -7940), (171, 343, -43)]
[(-14649, 1196, -7940), (171, 343, -43)]
[(-14649, 1196, -7940), (171, 343, -43)]
[(-14649, 1196, -7940), (171, 343, -43)]
[(-14649, 1196, -7940), (171, 343, -43)]
[(-14649, 1144, -7959), (-32, 377, -96)]
[(-14649, 1144, -7959), (-32, 377, -96)]
[(-14649, 1144, -7959), (-32, 377, -96)]
[(-14649, 1144, -7959), (-32, 377, -96)]
[(-14649, 1144, -7959), (-32, 377, -96)]
[(-14649, 1144, -7959), (-32, 377, -96)]
[(-14649, 1144, -7959), (-32, 377, -96)]
[(-14649, 1144, -7959), (-32, 377, -96)]
[(-14649, 1144, -7959), (-32, 377, -96)]
[(-14649, 1144, -7959), (-32, 377, -96)]
[(-14649, 1144, -7959), (-32, 377, -96)]
[(-14649, 1144, -7959), (-32, 377, -96)]
[(-14649, 1144, -7959), (-32, 377, -96)]
[(-14638, 1069, -8031), (-153, 304, 2)]
[(-14638, 1069, -8031), (-153, 304, 2)]
[(-14638, 1069, -8031), (-153, 304, 2)]
[(-14638, 1069, -8031), (-153, 304, 2)]
[(-14638, 1069, -8031), (-153, 304, 2)]
[(-14630, 1108, -7987), (-172, 271, 11)]
[(-14630, 1108, -7987), (-172, 271, 11)]
[(-14630, 1108, -7987), (-172, 271, 11)]
[(-14630, 1108, -7987), (-172, 271, 11)]
[(-14630, 1108, -7987), (-172, 271, 11)]
[(-14630, 1108, -7987), (-172, 271, 11)]
[(-14630, 1108, -7987), (-172, 271, 11)]
[(-14630, 1108, -7987), (-172, 271, 11)]
[(-14661, 1176, -7996), (-283, 300, 47)]
[(-14661, 1176, -7996), (-283, 300, 47)]
[(-14661, 1176, -7996), (-283, 300, 47)]
[(-14661, 1176, -7996), (-283, 300, 47)]
[(-14661, 1176, -7996), (-283, 300, 47)]
[(-14624, 1212, -7964), (-294, 357, 103)]
[(-14624, 1212, -7964), (-294, 357, 103)]
[(-14624, 1212, -7964), (-294, 357, 103)]
[(-14624, 1212, -7964), (-294, 357, 103)]
[(-14624, 1212, -7964), (-294, 357, 103)]
[(-14636, 1227, -8017), (-264, 416, 65)]
[(-14636, 1227, -8017), (-264, 416, 65)]
[(-14636, 1227, -8017), (-264, 416, 65)]
[(-14636, 1227, -8017), (-264, 416, 65)]
[(-14636, 1227, -8017), (-264, 416, 65)]
[(-14636, 1227, -8017), (-264, 416, 65)]
[(-14636, 1227, -8017), (-264, 416, 65)]
[(-14636, 1227, -8017), (-264, 416, 65)]
[(-14620, 1235, -8014), (-244, 369, 5)]
[(-14620, 1235, -8014), (-244, 369, 5)]
[(-14620, 1235, -8014), (-244, 369, 5)]
[(-14620, 1235, -8014), (-244, 369, 5)]
[(-14620, 1235, -8014), (-244, 369, 5)]
[(-14623, 1230, -8041), (-202, 392, -6)]
[(-14623, 1230, -8041), (-202, 392, -6)]
[(-14623, 1230, -8041), (-202, 392, -6)]
[(-14623, 1230, -8041), (-202, 392, -6)]
[(-14623, 1230, -8041), (-202, 392, -6)]
[(-14628, 1248, -8028), (-196, 345, -18)]
[(-14628, 1248, -8028), (-196, 345, -18)]
[(-14628, 1248, -8028), (-196, 345, -18)]
[(-14628, 1248, -8028), (-196, 345, -18)]
[(-14628, 1248, -8028), (-196, 345, -18)]
[(-14628, 1248, -8028), (-196, 345, -18)]
[(-14628, 1248, -8028), (-196, 345, -18)]
[(-14628, 1248, -8028), (-196, 345, -18)]
[(-14628, 1248, -8028), (-196, 345, -18)]
[(-14593, 1287, -7989), (-254, 405, -20)]
[(-14593, 1287, -7989), (-254, 405, -20)]
[(-14593, 1287, -7989), (-254, 405, -20)]
[(-14593, 1287, -7989), (-254, 405, -20)]
[(-14600, 1289, -8024), (-248, 429, -25)]
[(-14600, 1289, -8024), (-248, 429, -25)]
[(-14600, 1289, -8024), (-248, 429, -25)]
[(-14600, 1289, -8024), (-248, 429, -25)]
[(-14600, 1289, -8024), (-248, 429, -25)]
[(-14616, 1284, -8015), (-263, 461, -32)]
[(-14616, 1284, -8015), (-263, 461, -32)]
[(-14616, 1284, -8015), (-263, 461, -32)]