[(-14604, 1444, -8044), (-59, 376, 7)]
[(-14602, 1439, -8044), (-63, 380, -5)]
[(-14602, 1439, -8044), (-63, 380, -5)]
[(-14596, 1415, -8033), (-68, 371, -22)]
[(-14596, 1415, -8033), (-68, 371, -22)]
[(-14596, 1415, -8033), (-68, 371, -22)]
[(-14596, 1415, -8033), (-68, 371, -22)]
[(-14596, 1415, -8033), (-68, 371, -22)]
[(-14596, 1415, -8033), (-68, 371, -22)]
[(-14596, 1415, -8033), (-68, 371, -22)]
[(-14596, 1397, -8021), (-4, 333, -31)]
[(-14596, 1397, -8021), (-4, 333, -31)]
[(-14596, 1397, -8021), (-4, 333, -31)]
[(-14596, 1397, -8021), (-4, 333, -31)]
[(-14596, 1397, -8021), (-4, 333, -31)]
[(-14596, 1397, -8021), (-4, 333, -31)]
[(-14606, 1356, -7995), (528, 11, 63)]
[(-14606, 1356, -7995), (528, 11, 63)]
[(-14606, 1356, -7995), (528, 11, 63)]
[(-14606, 1356, -7995), (528, 11, 63)]
[(-14606, 1356, -7995), (528, 11, 63)]
[(-14587, 1308, -8024), (574, 63, 151)]
[(-14587, 1308, -8024), (574, 63, 151)]
[(-14587, 1308, -8024), (574, 63, 151)]
[(-14587, 1308, -8024), (574, 63, 151)]
[(-14587, 1308, -8024), (574, 63, 151)]
[(-14587, 1308, -8024), (574, 63, 151)]
[(-14587, 1308, -8024), (574, 63, 151)]
[(-14579, 1240, -8037), (56, 159, 118)]
[(-14579, 1240, -8037), (56, 159, 118)]
[(-14579, 1240, -8037), (56, 159, 118)]
[(-14579, 1240, -8037), (56, 159, 118)]
[(-14579, 1240, -8037), (56, 159, 118)]
[(-14579, 1240, -8037), (56, 159, 118)]
[(-14579, 1240, -8037), (56, 159, 118)]
[(-14597, 1330, -7983), (-90, 169, 149)]
[(-14597, 1330, -7983), (-90, 169, 149)]
[(-14597, 1330, -7983), (-90, 169, 149)]
[(-14597, 1330, -7983), (-90, 169, 149)]
[(-14604, 1414, -7967), (-142, 242, 132)]
[(-14604, 1414, -7967), (-142, 242, 132)]
[(-14604, 1414, -7967), (-142, 242, 132)]
[(-14604, 1414, -7967), (-142, 242, 132)]
[(-14604, 1414, -7967), (-142, 242, 132)]
[(-14592, 1488, -7960), (-54, 278, 96)]
[(-14592, 1488, -7960), (-54, 278, 96)]
[(-14592, 1488, -7960), (-54, 278, 96)]
[(-14592, 1488, -7960), (-54, 278, 96)]
[(-14592, 1488, -7960), (-54, 278, 96)]
[(-14592, 1488, -7960), (-54, 278, 96)]
[(-14592, 1488, -7960), (-54, 278, 96)]
[(-14557, 1525, -7965), (-14, 280, -28)]
[(-14557, 1525, -7965), (-14, 280, -28)]
[(-14557, 1525, -7965), (-14, 280, -28)]
[(-14557, 1525, -7965), (-14, 280, -28)]
[(-14557, 1525, -7965), (-14, 280, -28)]
[(-14557, 1525, -7965), (-14, 280, -28)]
[(-14552, 1533, -7909), (-31, 259, -132)]
[(-14552, 1533, -7909), (-31, 259, -132)]
[(-14552, 1533, -7909), (-31, 259, -132)]
[(-14552, 1533, -7909), (-31, 259, -132)]
[(-14552, 1533, -7909), (-31, 259, -132)]
[(-14607, 1520, -7868), (38, 206, -153)]
[(-14607, 1520, -7868), (38, 206, -153)]
[(-14607, 1520, -7868), (38, 206, -153)]
[(-14607, 1520, -7868), (38, 206, -153)]
[(-14607, 1520, -7868), (38, 206, -153)]
[(-14607, 1520, -7868), (38, 206, -153)]
[(-14607, 1520, -7868), (38, 206, -153)]
[(-14654, 1480, -7825), (54, 328, 65)]
[(-14654, 1480, -7825), (54, 328, 65)]
[(-14654, 1480, -7825), (54, 328, 65)]
[(-14654, 1480, -7825), (54, 328, 65)]
[(-14654, 1480, -7825), (54, 328, 65)]
[(-14654, 1480, -7825), (54, 328, 65)]
[(-14674, 1499, -7756), (-60, 537, 333)]
[(-14674, 1499, -7756), (-60, 537, 333)]
[(-14674, 1499, -7756), (-60, 537, 333)]
[(-14674, 1499, -7756), (-60, 537, 333)]
[(-14674, 1499, -7756), (-60, 537, 333)]
[(-14611, 1612, -7790), (-18, 549, 301)]
[(-14611, 1612, -7790), (-18, 549, 301)]
[(-14611, 1612, -7790), (-18, 549, 301)]
[(-14611, 1612, -7790), (-18, 549, 301)]
[(-14611, 1612, -7790), (-18, 549, 301)]
[(-14611, 1612, -7790), (-18, 549, 301)]
[(-14611, 1612, -7790), (-18, 549, 301)]
[(-14593, 1660, -7810), (42, 515, 93)]
[(-14593, 1660, -7810), (42, 515, 93)]
[(-14593, 1660, -7810), (42, 515, 93)]
[(-14593, 1660, -7810), (42, 515, 93)]
[(-14593, 1660, -7810), (42, 515, 93)]
[(-14593, 1660, -7810), (42, 515, 93)]
[(-14593, 1660, -7810), (42, 515, 93)]
[(-14607, 1736, -7816), (84, 490, 29)]
[(-14607, 1736, -7816), (84, 490, 29)]
[(-14607, 1736, -7816), (84, 490, 29)]
[(-14607, 1736, -7816), (84, 490, 29)]
[(-14576, 1740, -7820), (83, 481, -28)]
[(-14576, 1740, -7820), (83, 481, -28)]
[(-14576, 1740, -7820), (83, 481, -28)]
[(-14576, 1740, -7820), (83, 481, -28)]
[(-14576, 1740, -7820), (83, 481, -28)]
[(-14576, 1740, -7820), (83, 481, -28)]
[(-14576, 1740, -7820), (83, 481, -28)]
[(-14584, 1672, -7830), (41, 467, -86)]
[(-14584, 1672, -7830), (41, 467, -86)]
[(-14584, 1672, -7830), (41, 467, -86)]
[(-14584, 1672, -7830), (41, 467, -86)]
[(-14584, 1672, -7830), (41, 467, -86)]
[(-14584, 1672, -7830), (41, 467, -86)]
[(-14598, 1598, -7880), (-3, 423, -91)]
[(-14598, 1598, -7880), (-3, 423, -91)]
[(-14598, 1598, -7880), (-3, 423, -91)]
[(-14598, 1598, -7880), (-3, 423, -91)]
[(-14598, 1598, -7880), (-3, 423, -91)]
[(-14592, 1556, -7837), (-69, 387, -72)]
[(-14592, 1556, -7837), (-69, 387, -72)]
[(-14592, 1556, -7837), (-69, 387, -72)]
[(-14592, 1556, -7837), (-69, 387, -72)]
[(-14592, 1556, -7837), (-69, 387, -72)]
[(-14592, 1556, -7837), (-69, 387, -72)]
[(-14592, 1556, -7837), (-69, 387, -72)]
[(-14590, 1583, -7823), (-70, 353, -80)]
[(-14590, 1583, -7823), (-70, 353, -80)]
[(-14590, 1583, -7823), (-70, 353, -80)]
[(-14590, 1583, -7823), (-70, 353, -80)]
[(-14590, 1583, -7823), (-70, 353, -80)]
[(-14590, 1583, -7823), (-70, 353, -80)]
[(-14613, 1584, -7829), (-67, 368, -86)]
[(-14613, 1584, -7829), (-67, 368, -86)]
[(-14613, 1584, -7829), (-67, 368, -86)]
[(-14613, 1584, -7829), (-67, 368, -86)]
[(-14613, 1584, -7829), (-67, 368, -86)]
[(-14617, 1576, -7864), (-112, 410, -84)]
[(-14617, 1576, -7864), (-112, 410, -84)]
[(-14617, 1576, -7864), (-112, 410, -84)]
[(-14617, 1576, -7864), (-112, 410, -84)]
[(-14617, 1576, -7864), (-112, 410, -84)]
[(-14617, 1576, -7864), (-112, 410, -84)]
[(-14617, 1576, -7864), (-112, 410, -84)]
[(-14602, 1538, -7895), (-150, 432, -109)]
[(-14602, 1538, -7895), (-150, 432, -109)]