[(-14576, 646, -8202), (-37, 307, -33)]
[(-14574, 644, -8185), (-75, 310, -13)]
[(-14574, 644, -8185), (-75, 310, -13)]
[(-14574, 644, -8185), (-75, 310, -13)]
[(-14574, 644, -8185), (-75, 310, -13)]
[(-14574, 644, -8185), (-75, 310, -13)]
[(-14574, 644, -8185), (-75, 310, -13)]
[(-14574, 644, -8185), (-75, 310, -13)]
[(-14579, 648, -8205), (-80, 329, -21)]
[(-14579, 648, -8205), (-80, 329, -21)]
[(-14579, 648, -8205), (-80, 329, -21)]
[(-14579, 648, -8205), (-80, 329, -21)]
[(-14579, 648, -8205), (-80, 329, -21)]
[(-14579, 648, -8205), (-80, 329, -21)]
[(-14579, 648, -8205), (-80, 329, -21)]
[(-14558, 667, -8196), (-82, 343, -12)]
[(-14558, 667, -8196), (-82, 343, -12)]
[(-14544, 658, -8209), (-103, 341, -20)]
[(-14544, 658, -8209), (-103, 341, -20)]
[(-14544, 658, -8209), (-103, 341, -20)]
[(-14544, 658, -8209), (-103, 341, -20)]
[(-14544, 658, -8209), (-103, 341, -20)]
[(-14560, 648, -8214), (-117, 356, -32)]
[(-14560, 648, -8214), (-117, 356, -32)]
[(-14560, 648, -8214), (-117, 356, -32)]
[(-14560, 648, -8214), (-117, 356, -32)]
[(-14560, 648, -8214), (-117, 356, -32)]
[(-14560, 648, -8214), (-117, 356, -32)]
[(-14560, 648, -8214), (-117, 356, -32)]
[(-14553, 667, -8204), (-133, 365, -23)]
[(-14553, 667, -8204), (-133, 365, -23)]
[(-14553, 667, -8204), (-133, 365, -23)]
[(-14553, 667, -8204), (-133, 365, -23)]
[(-14553, 667, -8204), (-133, 365, -23)]
[(-14553, 667, -8204), (-133, 365, -23)]
[(-14553, 667, -8204), (-133, 365, -23)]
[(-14553, 667, -8204), (-133, 365, -23)]
[(-14553, 667, -8204), (-133, 365, -23)]
[(-14543, 673, -8216), (-141, 361, -21)]
[(-14543, 673, -8216), (-141, 361, -21)]
[(-14539, 669, -8232), (20, 337, -4)]
[(-14539, 669, -8232), (20, 337, -4)]
[(-14539, 669, -8232), (20, 337, -4)]
[(-14539, 669, -8232), (20, 337, -4)]
[(-14539, 669, -8232), (20, 337, -4)]
[(-14539, 669, -8232), (20, 337, -4)]
[(-14539, 669, -8232), (20, 337, -4)]
[(-14538, 637, -8246), (290, 214, -23)]
[(-14538, 637, -8246), (290, 214, -23)]
[(-14538, 637, -8246), (290, 214, -23)]
[(-14538, 637, -8246), (290, 214, -23)]
[(-14538, 637, -8246), (290, 214, -23)]
[(-14538, 637, -8246), (290, 214, -23)]
[(-14511, 596, -8228), (224, 139, -39)]
[(-14511, 596, -8228), (224, 139, -39)]
[(-14511, 596, -8228), (224, 139, -39)]
[(-14511, 596, -8228), (224, 139, -39)]
[(-14511, 596, -8228), (224, 139, -39)]
[(-14512, 556, -8243), (-26, 270, -39)]
[(-14512, 556, -8243), (-26, 270, -39)]
[(-14512, 556, -8243), (-26, 270, -39)]
[(-14512, 556, -8243), (-26, 270, -39)]
[(-14512, 556, -8243), (-26, 270, -39)]
[(-14512, 556, -8243), (-26, 270, -39)]
[(-14512, 556, -8243), (-26, 270, -39)]
[(-14510, 555, -8202), (-67, 318, -35)]
[(-14510, 555, -8202), (-67, 318, -35)]
[(-14510, 555, -8202), (-67, 318, -35)]
[(-14510, 555, -8202), (-67, 318, -35)]
[(-14510, 555, -8202), (-67, 318, -35)]
[(-14510, 555, -8202), (-67, 318, -35)]
[(-14510, 555, -8202), (-67, 318, -35)]
[(-14510, 555, -8202), (-67, 318, -35)]
[(-14510, 555, -8202), (-67, 318, -35)]
[(-14524, 556, -8171), (-74, 335, -8)]
[(-14524, 556, -8171), (-74, 335, -8)]
[(-14528, 571, -8187), (-74, 317, -20)]
[(-14528, 571, -8187), (-74, 317, -20)]
[(-14528, 571, -8187), (-74, 317, -20)]
[(-14528, 571, -8187), (-74, 317, -20)]
[(-14528, 571, -8187), (-74, 317, -20)]
[(-14528, 571, -8187), (-74, 317, -20)]
[(-14528, 571, -8187), (-74, 317, -20)]
[(-14528, 571, -8187), (-74, 317, -20)]
[(-14528, 571, -8187), (-74, 317, -20)]
[(-14550, 556, -8183), (225, 114, -33)]
[(-14550, 556, -8183), (225, 114, -33)]
[(-14550, 556, -8183), (225, 114, -33)]
[(-14550, 556, -8183), (225, 114, -33)]
[(-14555, 526, -8157), (105, 148, -9)]
[(-14555, 526, -8157), (105, 148, -9)]
[(-14555, 526, -8157), (105, 148, -9)]
[(-14555, 526, -8157), (105, 148, -9)]
[(-14555, 526, -8157), (105, 148, -9)]
[(-14566, 534, -8145), (-99, 254, 5)]
[(-14566, 534, -8145), (-99, 254, 5)]
[(-14566, 534, -8145), (-99, 254, 5)]
[(-14566, 534, -8145), (-99, 254, 5)]
[(-14566, 534, -8145), (-99, 254, 5)]
[(-14566, 534, -8145), (-99, 254, 5)]
[(-14566, 534, -8145), (-99, 254, 5)]
[(-14566, 534, -8145), (-99, 254, 5)]
[(-14566, 534, -8145), (-99, 254, 5)]
[(-14566, 534, -8145), (-99, 254, 5)]
[(-14566, 534, -8145), (-99, 254, 5)]
[(-14573, 555, -8195), (-84, 237, -32)]
[(-14573, 555, -8195), (-84, 237, -32)]
[(-14575, 556, -8172), (-119, 243, -26)]
[(-14575, 556, -8172), (-119, 243, -26)]
[(-14575, 556, -8172), (-119, 243, -26)]
[(-14575, 556, -8172), (-119, 243, -26)]
[(-14575, 556, -8172), (-119, 243, -26)]
[(-14593, 576, -8147), (-133, 272, -12)]
[(-14593, 576, -8147), (-133, 272, -12)]
[(-14593, 576, -8147), (-133, 272, -12)]
[(-14593, 576, -8147), (-133, 272, -12)]
[(-14593, 576, -8147), (-133, 272, -12)]
[(-14593, 576, -8147), (-133, 272, -12)]
[(-14593, 576, -8147), (-133, 272, -12)]
[(-14586, 582, -8132), (-108, 379, -58)]
[(-14586, 582, -8132), (-108, 379, -58)]
[(-14586, 582, -8132), (-108, 379, -58)]
[(-14586, 582, -8132), (-108, 379, -58)]
[(-14586, 582, -8132), (-108, 379, -58)]
[(-14586, 582, -8132), (-108, 379, -58)]
[(-14601, 556, -8153), (-195, 327, -77)]
[(-14601, 556, -8153), (-195, 327, -77)]
[(-14601, 556, -8153), (-195, 327, -77)]
[(-14601, 556, -8153), (-195, 327, -77)]
[(-14601, 556, -8153), (-195, 327, -77)]
[(-14606, 580, -8160), (-115, 310, 121)]
[(-14606, 580, -8160), (-115, 310, 121)]
[(-14606, 580, -8160), (-115, 310, 121)]
[(-14606, 580, -8160), (-115, 310, 121)]
[(-14606, 580, -8160), (-115, 310, 121)]
[(-14606, 580, -8160), (-115, 310, 121)]
[(-14606, 580, -8160), (-115, 310, 121)]
[(-14606, 580, -8160), (-115, 310, 121)]
[(-14606, 580, -8160), (-115, 310, 121)]
[(-14570, 664, -8173), (-53, 431, 98)]
[(-14570, 664, -8173), (-53, 431, 98)]
[(-14570, 664, -8173), (-53, 431, 98)]
[(-14570, 664, -8173), (-53, 431, 98)]
[(-14593, 640, -8207), (-129, 338, -110)]
[(-14593, 640, -8207), (-129, 338, -110)]
[(-14593, 640, -8207), (-129, 338, -110)]
[(-14593, 640, -8207), (-129, 338, -110)]
[(-14593, 640, -8207), (-129, 338, -110)]
[(-14593, 640, -8207), (-129, 338, -110)]
[(-14593, 640, -8207), (-129, 338, -110)]
[(-14588, 575, -8207), (-106, 262, -142)]
[(-14588, 575, -8207), (-106, 262, -142)]
[(-14588, 575, -8207), (-106, 262, -142)]
[(-14588, 575, -8207), (-106, 262, -142)]
[(-14556, 574, -8193), (16, 287, -27)]
[(-14556, 574, -8193), (16, 287, -27)]
[(-14556, 574, -8193), (16, 287, -27)]
[(-14556, 574, -8193), (16, 287, -27)]
[(-14556, 574, -8193), (16, 287, -27)]
[(-14556, 574, -8193), (16, 287, -27)]
[(-14556, 574, -8193), (16, 287, -27)]
[(-14527, 556, -8208), (6, 297, 24)]
[(-14527, 556, -8208), (6, 297, 24)]
[(-14527, 556, -8208), (6, 297, 24)]
[(-14527, 556, -8208), (6, 297, 24)]
[(-14527, 556, -8208), (6, 297, 24)]
[(-14543, 584, -8195), (-40, 244, -11)]
[(-14543, 584, -8195), (-40, 244, -11)]
[(-14543, 584, -8195), (-40, 244, -11)]
[(-14543, 584, -8195), (-40, 244, -11)]
[(-14543, 584, -8195), (-40, 244, -11)]
[(-14543, 584, -8195), (-40, 244, -11)]
[(-14539, 589, -8164), (-49, 264, 3)]
[(-14539, 589, -8164), (-49, 264, 3)]
[(-14539, 589, -8164), (-49, 264, 3)]
[(-14539, 589, -8164), (-49, 264, 3)]
[(-14539, 589, -8164), (-49, 264, 3)]