[(-14631, 1380, -7970), (45, 254, -11)]
[(-14631, 1380, -7970), (45, 254, -11)]
[(-14631, 1380, -7970), (45, 254, -11)]
[(-14654, 1373, -7979), (378, 195, 157)]
[(-14654, 1373, -7979), (378, 195, 157)]
[(-14654, 1373, -7979), (378, 195, 157)]
[(-14654, 1373, -7979), (378, 195, 157)]
[(-14654, 1373, -7979), (378, 195, 157)]
[(-14654, 1373, -7979), (378, 195, 157)]
[(-14654, 1373, -7979), (378, 195, 157)]
[(-14654, 1373, -7979), (378, 195, 157)]
[(-14662, 1348, -7932), (440, 176, 223)]
[(-14662, 1348, -7932), (440, 176, 223)]
[(-14662, 1348, -7932), (440, 176, 223)]
[(-14662, 1348, -7932), (440, 176, 223)]
[(-14819, 1295, -7851), (244, -5, 355)]
[(-14819, 1295, -7851), (244, -5, 355)]
[(-14819, 1295, -7851), (244, -5, 355)]
[(-14819, 1295, -7851), (244, -5, 355)]
[(-14819, 1295, -7851), (244, -5, 355)]
[(-14819, 1295, -7851), (244, -5, 355)]
[(-14819, 1295, -7851), (244, -5, 355)]
[(-14772, 1346, -7865), (66, -11, 349)]
[(-14772, 1346, -7865), (66, -11, 349)]
[(-14772, 1346, -7865), (66, -11, 349)]
[(-14772, 1346, -7865), (66, -11, 349)]
[(-14772, 1346, -7865), (66, -11, 349)]
[(-14703, 1420, -7821), (-21, 66, 336)]
[(-14703, 1420, -7821), (-21, 66, 336)]
[(-14703, 1420, -7821), (-21, 66, 336)]
[(-14703, 1420, -7821), (-21, 66, 336)]
[(-14703, 1420, -7821), (-21, 66, 336)]
[(-14665, 1533, -7808), (-268, 26, 254)]
[(-14665, 1533, -7808), (-268, 26, 254)]
[(-14665, 1533, -7808), (-268, 26, 254)]
[(-14665, 1533, -7808), (-268, 26, 254)]
[(-14665, 1533, -7808), (-268, 26, 254)]
[(-14665, 1533, -7808), (-268, 26, 254)]
[(-14665, 1533, -7808), (-268, 26, 254)]
[(-14665, 1533, -7808), (-268, 26, 254)]
[(-14662, 1641, -7798), (-300, 62, 236)]
[(-14662, 1641, -7798), (-300, 62, 236)]
[(-14662, 1641, -7798), (-300, 62, 236)]
[(-14662, 1641, -7798), (-300, 62, 236)]
[(-14662, 1641, -7798), (-300, 62, 236)]
[(-14703, 1751, -7796), (-478, 110, 177)]
[(-14703, 1751, -7796), (-478, 110, 177)]
[(-14703, 1751, -7796), (-478, 110, 177)]
[(-14703, 1751, -7796), (-478, 110, 177)]
[(-14703, 1751, -7796), (-478, 110, 177)]
[(-14703, 1751, -7796), (-478, 110, 177)]
[(-14703, 1751, -7796), (-478, 110, 177)]
[(-14661, 1816, -7750), (-334, 206, 117)]
[(-14661, 1816, -7750), (-334, 206, 117)]
[(-14661, 1816, -7750), (-334, 206, 117)]
[(-14661, 1816, -7750), (-334, 206, 117)]
[(-14661, 1816, -7750), (-334, 206, 117)]
[(-14661, 1816, -7750), (-334, 206, 117)]
[(-14639, 1851, -7754), (220, 369, -5)]
[(-14639, 1851, -7754), (220, 369, -5)]
[(-14639, 1851, -7754), (220, 369, -5)]
[(-14639, 1851, -7754), (220, 369, -5)]
[(-14639, 1851, -7754), (220, 369, -5)]
[(-14643, 1832, -7818), (449, 519, -135)]
[(-14643, 1832, -7818), (449, 519, -135)]
[(-14643, 1832, -7818), (449, 519, -135)]
[(-14643, 1832, -7818), (449, 519, -135)]
[(-14643, 1832, -7818), (449, 519, -135)]
[(-14632, 1783, -7832), (425, 447, -150)]
[(-14632, 1783, -7832), (425, 447, -150)]
[(-14632, 1783, -7832), (425, 447, -150)]
[(-14632, 1783, -7832), (425, 447, -150)]
[(-14632, 1783, -7832), (425, 447, -150)]
[(-14632, 1783, -7832), (425, 447, -150)]
[(-14632, 1783, -7832), (425, 447, -150)]
[(-14632, 1783, -7832), (425, 447, -150)]
[(-14635, 1672, -7865), (308, 434, -255)]
[(-14635, 1672, -7865), (308, 434, -255)]
[(-14635, 1672, -7865), (308, 434, -255)]
[(-14635, 1672, -7865), (308, 434, -255)]
[(-14647, 1524, -7876), (151, 420, -257)]
[(-14647, 1524, -7876), (151, 420, -257)]
[(-14647, 1524, -7876), (151, 420, -257)]
[(-14647, 1524, -7876), (151, 420, -257)]
[(-14647, 1524, -7876), (151, 420, -257)]
[(-14652, 1469, -7869), (65, 425, -191)]
[(-14652, 1469, -7869), (65, 425, -191)]
[(-14652, 1469, -7869), (65, 425, -191)]
[(-14652, 1469, -7869), (65, 425, -191)]
[(-14652, 1469, -7869), (65, 425, -191)]
[(-14652, 1469, -7869), (65, 425, -191)]
[(-14652, 1469, -7869), (65, 425, -191)]
[(-14652, 1469, -7869), (65, 425, -191)]
[(-14663, 1439, -7860), (52, 436, -147)]
[(-14663, 1439, -7860), (52, 436, -147)]
[(-14663, 1439, -7860), (52, 436, -147)]
[(-14663, 1439, -7860), (52, 436, -147)]
[(-14663, 1439, -7860), (52, 436, -147)]
[(-14647, 1440, -7900), (47, 448, -123)]
[(-14647, 1440, -7900), (47, 448, -123)]
[(-14647, 1440, -7900), (47, 448, -123)]
[(-14647, 1440, -7900), (47, 448, -123)]
[(-14647, 1440, -7900), (47, 448, -123)]