[(-14670, 1200, -7896), (-82, 359, 10)]
[(-14667, 1200, -7893), (-85, 367, 14)]
[(-14667, 1200, -7893), (-85, 367, 14)]
[(-14667, 1200, -7893), (-85, 367, 14)]
[(-14667, 1200, -7893), (-85, 367, 14)]
[(-14667, 1200, -7893), (-85, 367, 14)]
[(-14654, 1207, -7894), (-86, 364, -3)]
[(-14654, 1207, -7894), (-86, 364, -3)]
[(-14654, 1207, -7894), (-86, 364, -3)]
[(-14654, 1207, -7894), (-86, 364, -3)]
[(-14654, 1207, -7894), (-86, 364, -3)]
[(-14654, 1207, -7894), (-86, 364, -3)]
[(-14654, 1207, -7894), (-86, 364, -3)]
[(-14668, 1234, -7911), (-90, 368, -8)]
[(-14668, 1234, -7911), (-90, 368, -8)]
[(-14668, 1234, -7911), (-90, 368, -8)]
[(-14668, 1234, -7911), (-90, 368, -8)]
[(-14668, 1234, -7911), (-90, 368, -8)]
[(-14668, 1234, -7911), (-90, 368, -8)]
[(-14668, 1234, -7911), (-90, 368, -8)]
[(-14668, 1234, -7911), (-90, 368, -8)]
[(-14658, 1234, -7903), (-36, 302, -3)]
[(-14658, 1234, -7903), (-36, 302, -3)]
[(-14658, 1234, -7903), (-36, 302, -3)]
[(-14660, 1227, -7884), (124, 205, 1)]
[(-14660, 1227, -7884), (124, 205, 1)]
[(-14660, 1227, -7884), (124, 205, 1)]
[(-14660, 1227, -7884), (124, 205, 1)]
[(-14660, 1227, -7884), (124, 205, 1)]
[(-14660, 1227, -7884), (124, 205, 1)]
[(-14660, 1227, -7884), (124, 205, 1)]
[(-14660, 1227, -7884), (124, 205, 1)]
[(-14660, 1227, -7884), (124, 205, 1)]
[(-14733, 1149, -7815), (170, 72, 118)]
[(-14733, 1149, -7815), (170, 72, 118)]
[(-14733, 1149, -7815), (170, 72, 118)]
[(-14733, 1149, -7815), (170, 72, 118)]
[(-14802, 1088, -7821), (-21, -22, 400)]
[(-14802, 1088, -7821), (-21, -22, 400)]
[(-14802, 1088, -7821), (-21, -22, 400)]
[(-14802, 1088, -7821), (-21, -22, 400)]
[(-14802, 1088, -7821), (-21, -22, 400)]
[(-14778, 1173, -7847), (-178, 70, 441)]
[(-14778, 1173, -7847), (-178, 70, 441)]
[(-14778, 1173, -7847), (-178, 70, 441)]
[(-14778, 1173, -7847), (-178, 70, 441)]
[(-14778, 1173, -7847), (-178, 70, 441)]
[(-14778, 1173, -7847), (-178, 70, 441)]
[(-14778, 1173, -7847), (-178, 70, 441)]
[(-14778, 1173, -7847), (-178, 70, 441)]
[(-14737, 1316, -7858), (-232, 169, 466)]
[(-14737, 1316, -7858), (-232, 169, 466)]
[(-14737, 1316, -7858), (-232, 169, 466)]
[(-14737, 1316, -7858), (-232, 169, 466)]
[(-14737, 1316, -7858), (-232, 169, 466)]
[(-14670, 1476, -7868), (-209, 240, 374)]
[(-14670, 1476, -7868), (-209, 240, 374)]
[(-14670, 1476, -7868), (-209, 240, 374)]
[(-14670, 1476, -7868), (-209, 240, 374)]
[(-14670, 1476, -7868), (-209, 240, 374)]
[(-14620, 1604, -7904), (-124, 282, 156)]
[(-14620, 1604, -7904), (-124, 282, 156)]
[(-14620, 1604, -7904), (-124, 282, 156)]
[(-14620, 1604, -7904), (-124, 282, 156)]
[(-14620, 1604, -7904), (-124, 282, 156)]
[(-14620, 1604, -7904), (-124, 282, 156)]
[(-14620, 1604, -7904), (-124, 282, 156)]
[(-14620, 1604, -7904), (-124, 282, 156)]
[(-14596, 1664, -7891), (-84, 293, -171)]
[(-14596, 1664, -7891), (-84, 293, -171)]
[(-14596, 1664, -7891), (-84, 293, -171)]
[(-14596, 1664, -7891), (-84, 293, -171)]
[(-14596, 1664, -7891), (-84, 293, -171)]
[(-14596, 1664, -7891), (-84, 293, -171)]
[(-14596, 1664, -7891), (-84, 293, -171)]
[(-14644, 1609, -7860), (-90, 220, -241)]
[(-14644, 1609, -7860), (-90, 220, -241)]
[(-14644, 1609, -7860), (-90, 220, -241)]
[(-14678, 1464, -7826), (-102, 187, -231)]
[(-14678, 1464, -7826), (-102, 187, -231)]
[(-14678, 1464, -7826), (-102, 187, -231)]
[(-14678, 1464, -7826), (-102, 187, -231)]
[(-14678, 1464, -7826), (-102, 187, -231)]
[(-14678, 1464, -7826), (-102, 187, -231)]
[(-14678, 1464, -7826), (-102, 187, -231)]
[(-14678, 1464, -7826), (-102, 187, -231)]
[(-14678, 1464, -7826), (-102, 187, -231)]
[(-14684, 1411, -7812), (-73, 132, -290)]
[(-14684, 1411, -7812), (-73, 132, -290)]
[(-14684, 1411, -7812), (-73, 132, -290)]
[(-14684, 1411, -7812), (-73, 132, -290)]
[(-14689, 1381, -7788), (-37, 145, -329)]
[(-14689, 1381, -7788), (-37, 145, -329)]
[(-14689, 1381, -7788), (-37, 145, -329)]
[(-14689, 1381, -7788), (-37, 145, -329)]
[(-14689, 1381, -7788), (-37, 145, -329)]
[(-14689, 1381, -7788), (-37, 145, -329)]
[(-14689, 1381, -7788), (-37, 145, -329)]
[(-14701, 1347, -7780), (3, 177, -269)]
[(-14701, 1347, -7780), (3, 177, -269)]
[(-14701, 1347, -7780), (3, 177, -269)]
[(-14701, 1347, -7780), (3, 177, -269)]
[(-14701, 1347, -7780), (3, 177, -269)]
[(-14701, 1347, -7780), (3, 177, -269)]
[(-14680, 1314, -7796), (14, 262, -224)]
[(-14680, 1314, -7796), (14, 262, -224)]
[(-14680, 1314, -7796), (14, 262, -224)]
[(-14680, 1314, -7796), (14, 262, -224)]
[(-14680, 1314, -7796), (14, 262, -224)]
[(-14676, 1260, -7839), (-24, 313, -205)]