[(-14658, 1120, -7984), (-76, 334, -27)]
[(-14660, 1133, -7965), (-78, 332, -38)]
[(-14660, 1133, -7965), (-78, 332, -38)]
[(-14660, 1133, -7965), (-78, 332, -38)]
[(-14660, 1133, -7965), (-78, 332, -38)]
[(-14660, 1133, -7965), (-78, 332, -38)]
[(-14660, 1133, -7965), (-78, 332, -38)]
[(-14660, 1133, -7965), (-78, 332, -38)]
[(-14665, 1120, -7959), (-71, 341, -41)]
[(-14665, 1120, -7959), (-71, 341, -41)]
[(-14665, 1120, -7959), (-71, 341, -41)]
[(-14665, 1120, -7959), (-71, 341, -41)]
[(-14665, 1120, -7959), (-71, 341, -41)]
[(-14656, 1133, -7930), (-56, 363, -43)]
[(-14656, 1133, -7930), (-56, 363, -43)]
[(-14656, 1133, -7930), (-56, 363, -43)]
[(-14656, 1133, -7930), (-56, 363, -43)]
[(-14656, 1133, -7930), (-56, 363, -43)]
[(-14656, 1133, -7930), (-56, 363, -43)]
[(-14656, 1119, -7944), (-34, 361, -55)]
[(-14656, 1119, -7944), (-34, 361, -55)]
[(-14656, 1119, -7944), (-34, 361, -55)]
[(-14656, 1119, -7944), (-34, 361, -55)]
[(-14656, 1119, -7944), (-34, 361, -55)]
[(-14656, 1119, -7944), (-34, 361, -55)]
[(-14656, 1119, -7944), (-34, 361, -55)]
[(-14686, 1088, -7992), (0, 291, -26)]
[(-14686, 1088, -7992), (0, 291, -26)]
[(-14686, 1088, -7992), (0, 291, -26)]
[(-14686, 1088, -7992), (0, 291, -26)]
[(-14686, 1088, -7992), (0, 291, -26)]
[(-14677, 1084, -7954), (29, 286, 52)]
[(-14677, 1084, -7954), (29, 286, 52)]
[(-14677, 1084, -7954), (29, 286, 52)]
[(-14677, 1084, -7954), (29, 286, 52)]
[(-14677, 1084, -7954), (29, 286, 52)]
[(-14677, 1084, -7954), (29, 286, 52)]
[(-14677, 1084, -7954), (29, 286, 52)]
[(-14677, 1084, -7954), (29, 286, 52)]
[(-14714, 1064, -7941), (616, 145, 277)]
[(-14714, 1064, -7941), (616, 145, 277)]
[(-14714, 1064, -7941), (616, 145, 277)]
[(-14714, 1064, -7941), (616, 145, 277)]
[(-14714, 1064, -7941), (616, 145, 277)]
[(-14687, 1098, -7947), (421, 224, 513)]
[(-14687, 1098, -7947), (421, 224, 513)]
[(-14687, 1098, -7947), (421, 224, 513)]
[(-14687, 1098, -7947), (421, 224, 513)]
[(-14687, 1098, -7947), (421, 224, 513)]
[(-14607, 1240, -7931), (-212, 113, 513)]
[(-14607, 1240, -7931), (-212, 113, 513)]
[(-14607, 1240, -7931), (-212, 113, 513)]
[(-14607, 1240, -7931), (-212, 113, 513)]
[(-14607, 1240, -7931), (-212, 113, 513)]
[(-14607, 1240, -7931), (-212, 113, 513)]
[(-14587, 1361, -7848), (-643, 61, 371)]
[(-14587, 1361, -7848), (-643, 61, 371)]
[(-14587, 1361, -7848), (-643, 61, 371)]
[(-14587, 1361, -7848), (-643, 61, 371)]
[(-14587, 1361, -7848), (-643, 61, 371)]
[(-14587, 1361, -7848), (-643, 61, 371)]
[(-14587, 1361, -7848), (-643, 61, 371)]
[(-14583, 1504, -7792), (-685, 144, 98)]
[(-14583, 1504, -7792), (-685, 144, 98)]
[(-14583, 1504, -7792), (-685, 144, 98)]
[(-14583, 1504, -7792), (-685, 144, 98)]
[(-14583, 1504, -7792), (-685, 144, 98)]
[(-14583, 1504, -7792), (-685, 144, 98)]
[(-14583, 1504, -7792), (-685, 144, 98)]
[(-14583, 1504, -7792), (-685, 144, 98)]
[(-14583, 1504, -7792), (-685, 144, 98)]
[(-14583, 1504, -7792), (-685, 144, 98)]
[(-14583, 1504, -7792), (-685, 144, 98)]
[(-14604, 1623, -7736), (-286, 412, -128)]
[(-14604, 1623, -7736), (-286, 412, -128)]
[(-14604, 1623, -7736), (-286, 412, -128)]
[(-14604, 1623, -7736), (-286, 412, -128)]
[(-14604, 1623, -7736), (-286, 412, -128)]
[(-14604, 1623, -7736), (-286, 412, -128)]
[(-14604, 1623, -7736), (-286, 412, -128)]
[(-14604, 1623, -7736), (-286, 412, -128)]
[(-14604, 1623, -7736), (-286, 412, -128)]
[(-14618, 1612, -7716), (-181, 412, -140)]
[(-14618, 1612, -7716), (-181, 412, -140)]
[(-14618, 1612, -7716), (-181, 412, -140)]
[(-14648, 1594, -7721), (-188, 441, -141)]
[(-14648, 1594, -7721), (-188, 441, -141)]
[(-14648, 1594, -7721), (-188, 441, -141)]
[(-14648, 1594, -7721), (-188, 441, -141)]
[(-14648, 1594, -7721), (-188, 441, -141)]
[(-14648, 1594, -7721), (-188, 441, -141)]
[(-14630, 1580, -7738), (-182, 430, -196)]
[(-14630, 1580, -7738), (-182, 430, -196)]
[(-14630, 1580, -7738), (-182, 430, -196)]
[(-14630, 1580, -7738), (-182, 430, -196)]
[(-14630, 1580, -7738), (-182, 430, -196)]
[(-14630, 1580, -7738), (-182, 430, -196)]
[(-14630, 1580, -7738), (-182, 430, -196)]
[(-14633, 1563, -7759), (-145, 431, -207)]
[(-14633, 1563, -7759), (-145, 431, -207)]
[(-14633, 1563, -7759), (-145, 431, -207)]
[(-14633, 1563, -7759), (-145, 431, -207)]
[(-14633, 1563, -7759), (-145, 431, -207)]
[(-14635, 1543, -7803), (-131, 431, -194)]
[(-14635, 1543, -7803), (-131, 431, -194)]
[(-14635, 1543, -7803), (-131, 431, -194)]
[(-14635, 1543, -7803), (-131, 431, -194)]
[(-14635, 1543, -7803), (-131, 431, -194)]
[(-14635, 1543, -7803), (-131, 431, -194)]
[(-14629, 1510, -7828), (-115, 434, -176)]
[(-14629, 1510, -7828), (-115, 434, -176)]
[(-14629, 1510, -7828), (-115, 434, -176)]
[(-14629, 1510, -7828), (-115, 434, -176)]
[(-14629, 1510, -7828), (-115, 434, -176)]
[(-14629, 1510, -7828), (-115, 434, -176)]
[(-14629, 1510, -7828), (-115, 434, -176)]
[(-14616, 1489, -7863), (-97, 417, -178)]
[(-14616, 1489, -7863), (-97, 417, -178)]
[(-14616, 1489, -7863), (-97, 417, -178)]
[(-14616, 1489, -7863), (-97, 417, -178)]