[(-14173, 5858, -5600), (-295, 241, 43)]
[(-14173, 5858, -5600), (-295, 241, 43)]
[(-14173, 5858, -5600), (-295, 241, 43)]
[(-14169, 5917, -5560), (-415, 199, -2)]
[(-14169, 5917, -5560), (-415, 199, -2)]
[(-14169, 5917, -5560), (-415, 199, -2)]
[(-14169, 5917, -5560), (-415, 199, -2)]
[(-14169, 5917, -5560), (-415, 199, -2)]
[(-14158, 5925, -5520), (-376, 220, -1)]
[(-14158, 5925, -5520), (-376, 220, -1)]
[(-14158, 5925, -5520), (-376, 220, -1)]
[(-14158, 5925, -5520), (-376, 220, -1)]
[(-14158, 5925, -5520), (-376, 220, -1)]
[(-14158, 5925, -5520), (-376, 220, -1)]
[(-14150, 5928, -5547), (-362, 216, 1)]
[(-14150, 5928, -5547), (-362, 216, 1)]
[(-14150, 5928, -5547), (-362, 216, 1)]
[(-14150, 5928, -5547), (-362, 216, 1)]
[(-14150, 5928, -5547), (-362, 216, 1)]
[(-14150, 5928, -5547), (-362, 216, 1)]
[(-14150, 5928, -5547), (-362, 216, 1)]
[(-14172, 5876, -5511), (-257, 95, 94)]
[(-14172, 5876, -5511), (-257, 95, 94)]
[(-14172, 5876, -5511), (-257, 95, 94)]
[(-14172, 5876, -5511), (-257, 95, 94)]
[(-14172, 5876, -5511), (-257, 95, 94)]
[(-14106, 5884, -5465), (-96, -75, 129)]
[(-14106, 5884, -5465), (-96, -75, 129)]
[(-14106, 5884, -5465), (-96, -75, 129)]
[(-14106, 5884, -5465), (-96, -75, 129)]
[(-14106, 5884, -5465), (-96, -75, 129)]
[(-14106, 5884, -5465), (-96, -75, 129)]
[(-14196, 5837, -5394), (-3, -33, 151)]
[(-14196, 5837, -5394), (-3, -33, 151)]
[(-14196, 5837, -5394), (-3, -33, 151)]
[(-14196, 5837, -5394), (-3, -33, 151)]
[(-14196, 5837, -5394), (-3, -33, 151)]
[(-14196, 5837, -5394), (-3, -33, 151)]
[(-14196, 5837, -5394), (-3, -33, 151)]
[(-14207, 5860, -5340), (48, 130, 150)]
[(-14207, 5860, -5340), (48, 130, 150)]
[(-14207, 5860, -5340), (48, 130, 150)]
[(-14207, 5860, -5340), (48, 130, 150)]
[(-14207, 5860, -5340), (48, 130, 150)]
[(-14203, 5958, -5268), (97, 159, 199)]
[(-14203, 5958, -5268), (97, 159, 199)]
[(-14203, 5958, -5268), (97, 159, 199)]
[(-14203, 5958, -5268), (97, 159, 199)]
[(-14203, 5958, -5268), (97, 159, 199)]
[(-14203, 5958, -5268), (97, 159, 199)]
[(-14221, 6038, -5256), (50, 139, 152)]
[(-14221, 6038, -5256), (50, 139, 152)]
[(-14221, 6038, -5256), (50, 139, 152)]
[(-14221, 6038, -5256), (50, 139, 152)]
[(-14221, 6038, -5256), (50, 139, 152)]
[(-14221, 6038, -5256), (50, 139, 152)]
[(-14221, 6038, -5256), (50, 139, 152)]
[(-14174, 6137, -5245), (-165, 180, 0)]
[(-14174, 6137, -5245), (-165, 180, 0)]
[(-14174, 6137, -5245), (-165, 180, 0)]
[(-14174, 6137, -5245), (-165, 180, 0)]
[(-14174, 6137, -5245), (-165, 180, 0)]
[(-14196, 6132, -5233), (-220, 199, 23)]
[(-14196, 6132, -5233), (-220, 199, 23)]
[(-14196, 6132, -5233), (-220, 199, 23)]
[(-14196, 6132, -5233), (-220, 199, 23)]
[(-14196, 6132, -5233), (-220, 199, 23)]
[(-14196, 6132, -5233), (-220, 199, 23)]
[(-14176, 6113, -5209), (-100, 289, 4)]
[(-14176, 6113, -5209), (-100, 289, 4)]
[(-14176, 6113, -5209), (-100, 289, 4)]
[(-14176, 6113, -5209), (-100, 289, 4)]
[(-14176, 6113, -5209), (-100, 289, 4)]
[(-14176, 6113, -5209), (-100, 289, 4)]
[(-14176, 6113, -5209), (-100, 289, 4)]
[(-14185, 6175, -5244), (-114, 335, -33)]
[(-14185, 6175, -5244), (-114, 335, -33)]
[(-14185, 6175, -5244), (-114, 335, -33)]
[(-14185, 6175, -5244), (-114, 335, -33)]
[(-14185, 6175, -5244), (-114, 335, -33)]
[(-14185, 6175, -5244), (-114, 335, -33)]
[(-14185, 6175, -5244), (-114, 335, -33)]
[(-14185, 6175, -5244), (-114, 335, -33)]
[(-14185, 6175, -5244), (-114, 335, -33)]
[(-14193, 6135, -5245), (-98, 338, -41)]
[(-14193, 6135, -5245), (-98, 338, -41)]
[(-14193, 6135, -5245), (-98, 338, -41)]
[(-14204, 6092, -5256), (-93, 361, 4)]
[(-14204, 6092, -5256), (-93, 361, 4)]
[(-14204, 6092, -5256), (-93, 361, 4)]
[(-14204, 6092, -5256), (-93, 361, 4)]
[(-14204, 6092, -5256), (-93, 361, 4)]
[(-14204, 6092, -5256), (-93, 361, 4)]
[(-14223, 6100, -5264), (-137, 352, 4)]
[(-14223, 6100, -5264), (-137, 352, 4)]
[(-14223, 6100, -5264), (-137, 352, 4)]
[(-14223, 6100, -5264), (-137, 352, 4)]
[(-14211, 6069, -5254), (-145, 317, 1)]
[(-14211, 6069, -5254), (-145, 317, 1)]
[(-14211, 6069, -5254), (-145, 317, 1)]
[(-14211, 6069, -5254), (-145, 317, 1)]
[(-14211, 6069, -5254), (-145, 317, 1)]
[(-14211, 6069, -5254), (-145, 317, 1)]
[(-14224, 6073, -5236), (-169, 312, -2)]
[(-14224, 6073, -5236), (-169, 312, -2)]
[(-14224, 6073, -5236), (-169, 312, -2)]
[(-14224, 6073, -5236), (-169, 312, -2)]
[(-14224, 6073, -5236), (-169, 312, -2)]
[(-14220, 6037, -5208), (-187, 336, -17)]
[(-14220, 6037, -5208), (-187, 336, -17)]
[(-14220, 6037, -5208), (-187, 336, -17)]
[(-14220, 6037, -5208), (-187, 336, -17)]
[(-14220, 6037, -5208), (-187, 336, -17)]
[(-14220, 6037, -5208), (-187, 336, -17)]
[(-14220, 6037, -5208), (-187, 336, -17)]
[(-14220, 6037, -5208), (-187, 336, -17)]
[(-14227, 6028, -5221), (-157, 351, -30)]
[(-14227, 6028, -5221), (-157, 351, -30)]
[(-14227, 6028, -5221), (-157, 351, -30)]