[(-13143, -1464, -10567), (-39, 418, -5)]
[(-13144, -1456, -10588), (-61, 401, -5)]
[(-13144, -1456, -10588), (-61, 401, -5)]
[(-13144, -1456, -10588), (-61, 401, -5)]
[(-13144, -1456, -10588), (-61, 401, -5)]
[(-13144, -1456, -10588), (-61, 401, -5)]
[(-13166, -1460, -10586), (-45, 363, -13)]
[(-13166, -1460, -10586), (-45, 363, -13)]
[(-13166, -1460, -10586), (-45, 363, -13)]
[(-13166, -1460, -10586), (-45, 363, -13)]
[(-13166, -1460, -10586), (-45, 363, -13)]
[(-13192, -1448, -10580), (-62, 359, -14)]
[(-13192, -1448, -10580), (-62, 359, -14)]
[(-13192, -1448, -10580), (-62, 359, -14)]
[(-13192, -1448, -10580), (-62, 359, -14)]
[(-13192, -1448, -10580), (-62, 359, -14)]
[(-13192, -1448, -10580), (-62, 359, -14)]
[(-13192, -1448, -10580), (-62, 359, -14)]
[(-13192, -1448, -10580), (-62, 359, -14)]
[(-13192, -1448, -10580), (-62, 359, -14)]
[(-13190, -1457, -10608), (-66, 371, -26)]
[(-13190, -1457, -10608), (-66, 371, -26)]
[(-13190, -1457, -10608), (-66, 371, -26)]
[(-13190, -1457, -10608), (-66, 371, -26)]
[(-13200, -1459, -10576), (-65, 384, -18)]
[(-13200, -1459, -10576), (-65, 384, -18)]
[(-13200, -1459, -10576), (-65, 384, -18)]
[(-13200, -1459, -10576), (-65, 384, -18)]
[(-13200, -1459, -10576), (-65, 384, -18)]
[(-13188, -1451, -10591), (-72, 414, -5)]
[(-13188, -1451, -10591), (-72, 414, -5)]
[(-13188, -1451, -10591), (-72, 414, -5)]
[(-13188, -1451, -10591), (-72, 414, -5)]
[(-13188, -1451, -10591), (-72, 414, -5)]
[(-13188, -1451, -10591), (-72, 414, -5)]
[(-13188, -1451, -10591), (-72, 414, -5)]
[(-13188, -1451, -10591), (-72, 414, -5)]
[(-13188, -1451, -10591), (-72, 414, -5)]
[(-13172, -1449, -10588), (-62, 417, -5)]
[(-13172, -1449, -10588), (-62, 417, -5)]
[(-13172, -1449, -10588), (-62, 417, -5)]
[(-13172, -1449, -10588), (-62, 417, -5)]
[(-13162, -1440, -10608), (-41, 475, 6)]
[(-13162, -1440, -10608), (-41, 475, 6)]
[(-13162, -1440, -10608), (-41, 475, 6)]
[(-13162, -1440, -10608), (-41, 475, 6)]
[(-13162, -1440, -10608), (-41, 475, 6)]
[(-13152, -1428, -10624), (-199, 540, 7)]
[(-13152, -1428, -10624), (-199, 540, 7)]
[(-13152, -1428, -10624), (-199, 540, 7)]
[(-13152, -1428, -10624), (-199, 540, 7)]
[(-13152, -1428, -10624), (-199, 540, 7)]
[(-13152, -1428, -10624), (-199, 540, 7)]
[(-13152, -1428, -10624), (-199, 540, 7)]
[(-13109, -1426, -10692), (-106, 346, 9)]
[(-13109, -1426, -10692), (-106, 346, 9)]
[(-13109, -1426, -10692), (-106, 346, 9)]
[(-13109, -1426, -10692), (-106, 346, 9)]
[(-13109, -1426, -10692), (-106, 346, 9)]
[(-13109, -1426, -10692), (-106, 346, 9)]
[(-13124, -1431, -10700), (-128, 360, 20)]
[(-13124, -1431, -10700), (-128, 360, 20)]
[(-13124, -1431, -10700), (-128, 360, 20)]
[(-13124, -1431, -10700), (-128, 360, 20)]
[(-13124, -1431, -10700), (-128, 360, 20)]
[(-13102, -1443, -10686), (99, 351, 73)]
[(-13102, -1443, -10686), (99, 351, 73)]
[(-13102, -1443, -10686), (99, 351, 73)]
[(-13102, -1443, -10686), (99, 351, 73)]
[(-13102, -1443, -10686), (99, 351, 73)]
[(-13102, -1443, -10686), (99, 351, 73)]
[(-13102, -1443, -10686), (99, 351, 73)]
[(-13130, -1472, -10628), (172, 46, 41)]
[(-13130, -1472, -10628), (172, 46, 41)]
[(-13130, -1472, -10628), (172, 46, 41)]
[(-13130, -1472, -10628), (172, 46, 41)]
[(-13130, -1472, -10628), (172, 46, 41)]
[(-13130, -1472, -10628), (172, 46, 41)]
[(-13149, -1476, -10603), (-65, 97, 2)]
[(-13149, -1476, -10603), (-65, 97, 2)]
[(-13149, -1476, -10603), (-65, 97, 2)]
[(-13149, -1476, -10603), (-65, 97, 2)]
[(-13149, -1476, -10603), (-65, 97, 2)]
[(-13156, -1446, -10558), (-95, 113, -4)]
[(-13156, -1446, -10558), (-95, 113, -4)]
[(-13156, -1446, -10558), (-95, 113, -4)]
[(-13156, -1446, -10558), (-95, 113, -4)]
[(-13156, -1446, -10558), (-95, 113, -4)]
[(-13156, -1446, -10558), (-95, 113, -4)]
[(-13156, -1446, -10558), (-95, 113, -4)]
[(-13141, -1526, -10512), (55, 188, 1)]
[(-13141, -1526, -10512), (55, 188, 1)]
[(-13141, -1526, -10512), (55, 188, 1)]
[(-13141, -1526, -10512), (55, 188, 1)]
[(-13141, -1526, -10512), (55, 188, 1)]
[(-13141, -1526, -10512), (55, 188, 1)]
[(-13181, -1430, -10534), (-10, 214, 10)]
[(-13181, -1430, -10534), (-10, 214, 10)]
[(-13181, -1430, -10534), (-10, 214, 10)]
[(-13181, -1430, -10534), (-10, 214, 10)]
[(-13181, -1430, -10534), (-10, 214, 10)]
[(-13186, -1488, -10537), (-27, 228, 19)]
[(-13186, -1488, -10537), (-27, 228, 19)]
[(-13186, -1488, -10537), (-27, 228, 19)]
[(-13186, -1488, -10537), (-27, 228, 19)]
[(-13186, -1488, -10537), (-27, 228, 19)]
[(-13186, -1488, -10537), (-27, 228, 19)]
[(-13186, -1488, -10537), (-27, 228, 19)]
[(-13186, -1488, -10537), (-27, 228, 19)]
[(-13186, -1488, -10537), (-27, 228, 19)]
[(-13198, -1479, -10510), (-41, 277, -22)]
[(-13198, -1479, -10510), (-41, 277, -22)]
[(-13198, -1479, -10510), (-41, 277, -22)]
[(-13198, -1479, -10510), (-41, 277, -22)]
[(-13208, -1508, -10506), (-150, 260, -27)]
[(-13208, -1508, -10506), (-150, 260, -27)]
[(-13208, -1508, -10506), (-150, 260, -27)]
[(-13208, -1508, -10506), (-150, 260, -27)]
[(-13208, -1508, -10506), (-150, 260, -27)]
[(-13214, -1544, -10504), (-113, 346, -11)]
[(-13214, -1544, -10504), (-113, 346, -11)]
[(-13214, -1544, -10504), (-113, 346, -11)]
[(-13214, -1544, -10504), (-113, 346, -11)]
[(-13214, -1544, -10504), (-113, 346, -11)]
[(-13214, -1544, -10504), (-113, 346, -11)]
[(-13214, -1544, -10504), (-113, 346, -11)]
[(-13214, -1544, -10504), (-113, 346, -11)]
[(-13214, -1544, -10504), (-113, 346, -11)]