[(-12996, -1750, -10825), (-116, 422, 0)]
[(-12995, -1736, -10828), (-123, 399, 2)]
[(-12995, -1736, -10828), (-123, 399, 2)]
[(-12995, -1736, -10828), (-123, 399, 2)]
[(-12995, -1736, -10828), (-123, 399, 2)]
[(-12995, -1736, -10828), (-123, 399, 2)]
[(-12995, -1736, -10828), (-123, 399, 2)]
[(-12986, -1731, -10828), (-91, 370, 2)]
[(-12986, -1731, -10828), (-91, 370, 2)]
[(-12986, -1731, -10828), (-91, 370, 2)]
[(-12986, -1731, -10828), (-91, 370, 2)]
[(-12986, -1731, -10828), (-91, 370, 2)]
[(-12986, -1731, -10828), (-91, 370, 2)]
[(-12986, -1731, -10828), (-91, 370, 2)]
[(-12986, -1731, -10828), (-91, 370, 2)]
[(-12986, -1731, -10828), (-91, 370, 2)]
[(-13004, -1720, -10831), (-91, 360, -6)]
[(-13004, -1720, -10831), (-91, 360, -6)]
[(-13004, -1720, -10831), (-91, 360, -6)]
[(-12984, -1735, -10788), (-75, 376, -8)]
[(-12984, -1735, -10788), (-75, 376, -8)]
[(-12984, -1735, -10788), (-75, 376, -8)]
[(-12984, -1735, -10788), (-75, 376, -8)]
[(-12984, -1735, -10788), (-75, 376, -8)]
[(-12984, -1735, -10788), (-75, 376, -8)]
[(-13019, -1733, -10784), (-68, 380, 5)]
[(-13019, -1733, -10784), (-68, 380, 5)]
[(-13019, -1733, -10784), (-68, 380, 5)]
[(-13019, -1733, -10784), (-68, 380, 5)]
[(-13019, -1733, -10784), (-68, 380, 5)]
[(-12992, -1737, -10779), (-81, 407, 7)]
[(-12992, -1737, -10779), (-81, 407, 7)]
[(-12992, -1737, -10779), (-81, 407, 7)]
[(-12992, -1737, -10779), (-81, 407, 7)]
[(-12992, -1737, -10779), (-81, 407, 7)]
[(-12992, -1737, -10779), (-81, 407, 7)]
[(-12992, -1737, -10779), (-81, 407, 7)]
[(-12992, -1737, -10779), (-81, 407, 7)]
[(-12992, -1737, -10779), (-81, 407, 7)]
[(-12988, -1719, -10810), (-13, 490, 22)]
[(-12988, -1719, -10810), (-13, 490, 22)]
[(-12988, -1719, -10810), (-13, 490, 22)]
[(-12988, -1719, -10810), (-13, 490, 22)]
[(-12977, -1719, -10864), (-75, 551, 19)]
[(-12977, -1719, -10864), (-75, 551, 19)]
[(-12977, -1719, -10864), (-75, 551, 19)]
[(-12977, -1719, -10864), (-75, 551, 19)]
[(-12977, -1719, -10864), (-75, 551, 19)]
[(-12988, -1577, -10633), (-116, 433, -30)]
[(-12988, -1577, -10633), (-116, 433, -30)]
[(-12988, -1577, -10633), (-116, 433, -30)]
[(-12988, -1577, -10633), (-116, 433, -30)]
[(-12988, -1577, -10633), (-116, 433, -30)]
[(-12988, -1577, -10633), (-116, 433, -30)]
[(-12988, -1577, -10633), (-116, 433, -30)]
[(-12976, -1568, -10696), (-108, 461, -16)]
[(-12976, -1568, -10696), (-108, 461, -16)]
[(-12976, -1568, -10696), (-108, 461, -16)]
[(-12976, -1568, -10696), (-108, 461, -16)]
[(-12976, -1568, -10696), (-108, 461, -16)]
[(-12976, -1568, -10696), (-108, 461, -16)]
[(-12953, -1596, -10787), (-70, 460, -4)]
[(-12953, -1596, -10787), (-70, 460, -4)]
[(-12953, -1596, -10787), (-70, 460, -4)]
[(-12953, -1596, -10787), (-70, 460, -4)]
[(-12953, -1596, -10787), (-70, 460, -4)]
[(-12948, -1618, -10830), (-38, 507, -11)]
[(-12948, -1618, -10830), (-38, 507, -11)]
[(-12948, -1618, -10830), (-38, 507, -11)]
[(-12948, -1618, -10830), (-38, 507, -11)]
[(-12948, -1618, -10830), (-38, 507, -11)]
[(-12948, -1618, -10830), (-38, 507, -11)]
[(-12948, -1618, -10830), (-38, 507, -11)]
[(-12949, -1644, -10860), (-27, 440, -20)]
[(-12949, -1644, -10860), (-27, 440, -20)]
[(-12949, -1644, -10860), (-27, 440, -20)]
[(-12949, -1644, -10860), (-27, 440, -20)]
[(-12949, -1644, -10860), (-27, 440, -20)]
[(-12949, -1644, -10860), (-27, 440, -20)]
[(-12969, -1664, -10872), (-29, 401, -33)]
[(-12969, -1664, -10872), (-29, 401, -33)]
[(-12969, -1664, -10872), (-29, 401, -33)]
[(-12969, -1664, -10872), (-29, 401, -33)]
[(-12969, -1664, -10872), (-29, 401, -33)]
[(-12972, -1721, -10899), (18, 413, -5)]
[(-12972, -1721, -10899), (18, 413, -5)]
[(-12972, -1721, -10899), (18, 413, -5)]
[(-12972, -1721, -10899), (18, 413, -5)]
[(-12972, -1721, -10899), (18, 413, -5)]
[(-12972, -1721, -10899), (18, 413, -5)]
[(-12972, -1721, -10899), (18, 413, -5)]
[(-12973, -1715, -10856), (13, 392, 5)]
[(-12973, -1715, -10856), (13, 392, 5)]
[(-12973, -1715, -10856), (13, 392, 5)]
[(-12973, -1715, -10856), (13, 392, 5)]
[(-12973, -1715, -10856), (13, 392, 5)]
[(-12973, -1715, -10856), (13, 392, 5)]
[(-12975, -1745, -10878), (-2, 413, 6)]
[(-12975, -1745, -10878), (-2, 413, 6)]
[(-12975, -1745, -10878), (-2, 413, 6)]
[(-12975, -1745, -10878), (-2, 413, 6)]
[(-12975, -1745, -10878), (-2, 413, 6)]
[(-12945, -1741, -10863), (13, 410, -6)]
[(-12945, -1741, -10863), (13, 410, -6)]
[(-12945, -1741, -10863), (13, 410, -6)]
[(-12945, -1741, -10863), (13, 410, -6)]
[(-12945, -1741, -10863), (13, 410, -6)]
[(-12945, -1741, -10863), (13, 410, -6)]
[(-12976, -1751, -10869), (-85, 450, 22)]
[(-12976, -1751, -10869), (-85, 450, 22)]
[(-12976, -1751, -10869), (-85, 450, 22)]
[(-12976, -1751, -10869), (-85, 450, 22)]
[(-12976, -1751, -10869), (-85, 450, 22)]
[(-12976, -1751, -10869), (-85, 450, 22)]
[(-12976, -1751, -10869), (-85, 450, 22)]
[(-12956, -1738, -10880), (-156, 476, 9)]
[(-12956, -1738, -10880), (-156, 476, 9)]
[(-12956, -1738, -10880), (-156, 476, 9)]
[(-12956, -1738, -10880), (-156, 476, 9)]
[(-12956, -1738, -10880), (-156, 476, 9)]
[(-12977, -1724, -10896), (-172, 457, 0)]
[(-12977, -1724, -10896), (-172, 457, 0)]
[(-12977, -1724, -10896), (-172, 457, 0)]
[(-12977, -1724, -10896), (-172, 457, 0)]
[(-12977, -1724, -10896), (-172, 457, 0)]
[(-12977, -1724, -10896), (-172, 457, 0)]
[(-12967, -1700, -10880), (-132, 421, -2)]
[(-12967, -1700, -10880), (-132, 421, -2)]
[(-12967, -1700, -10880), (-132, 421, -2)]
[(-12967, -1700, -10880), (-132, 421, -2)]
[(-12967, -1700, -10880), (-132, 421, -2)]
[(-12967, -1700, -10880), (-132, 421, -2)]
[(-12967, -1700, -10880), (-132, 421, -2)]
[(-12948, -1719, -10908), (-113, 410, -27)]
[(-12948, -1719, -10908), (-113, 410, -27)]
[(-12948, -1719, -10908), (-113, 410, -27)]
[(-12948, -1719, -10908), (-113, 410, -27)]
[(-12948, -1719, -10908), (-113, 410, -27)]
[(-12967, -1707, -10944), (-93, 369, -47)]
[(-12967, -1707, -10944), (-93, 369, -47)]
[(-12967, -1707, -10944), (-93, 369, -47)]
[(-12967, -1707, -10944), (-93, 369, -47)]
[(-12967, -1707, -10944), (-93, 369, -47)]
[(-12980, -1726, -10945), (-107, 337, -75)]
[(-12980, -1726, -10945), (-107, 337, -75)]
[(-12980, -1726, -10945), (-107, 337, -75)]
[(-12980, -1726, -10945), (-107, 337, -75)]
[(-12980, -1726, -10945), (-107, 337, -75)]
[(-12980, -1726, -10945), (-107, 337, -75)]
[(-12980, -1726, -10945), (-107, 337, -75)]
[(-12980, -1726, -10945), (-107, 337, -75)]
[(-12954, -1717, -10915), (-109, 409, -28)]
[(-12954, -1717, -10915), (-109, 409, -28)]
[(-12954, -1717, -10915), (-109, 409, -28)]
[(-12954, -1717, -10915), (-109, 409, -28)]
[(-12954, -1717, -10915), (-109, 409, -28)]
[(-12963, -1710, -10935), (-90, 414, -17)]
[(-12963, -1710, -10935), (-90, 414, -17)]
[(-12963, -1710, -10935), (-90, 414, -17)]
[(-12963, -1710, -10935), (-90, 414, -17)]