[(-15200, 3595, -5047), (-49, 316, -29)]
[(-15213, 3580, -5044), (-41, 332, -16)]
[(-15213, 3580, -5044), (-41, 332, -16)]
[(-15213, 3580, -5044), (-41, 332, -16)]
[(-15213, 3580, -5044), (-41, 332, -16)]
[(-15213, 3580, -5044), (-41, 332, -16)]
[(-15213, 3580, -5044), (-41, 332, -16)]
[(-15213, 3580, -5044), (-41, 332, -16)]
[(-15217, 3581, -5052), (-64, 334, -36)]
[(-15217, 3581, -5052), (-64, 334, -36)]
[(-15217, 3581, -5052), (-64, 334, -36)]
[(-15217, 3581, -5052), (-64, 334, -36)]
[(-15235, 3569, -5044), (-69, 332, -38)]
[(-15235, 3569, -5044), (-69, 332, -38)]
[(-15235, 3569, -5044), (-69, 332, -38)]
[(-15235, 3569, -5044), (-69, 332, -38)]
[(-15235, 3569, -5044), (-69, 332, -38)]
[(-15235, 3569, -5044), (-69, 332, -38)]
[(-15235, 3569, -5044), (-69, 332, -38)]
[(-15200, 3580, -5017), (-107, 331, -1)]
[(-15200, 3580, -5017), (-107, 331, -1)]
[(-15200, 3580, -5017), (-107, 331, -1)]
[(-15200, 3580, -5017), (-107, 331, -1)]
[(-15200, 3580, -5017), (-107, 331, -1)]
[(-15200, 3580, -5017), (-107, 331, -1)]
[(-15201, 3568, -4988), (-69, 312, -25)]
[(-15201, 3568, -4988), (-69, 312, -25)]
[(-15201, 3568, -4988), (-69, 312, -25)]
[(-15201, 3568, -4988), (-69, 312, -25)]
[(-15201, 3568, -4988), (-69, 312, -25)]
[(-15208, 3544, -4960), (-94, 299, -10)]
[(-15208, 3544, -4960), (-94, 299, -10)]
[(-15208, 3544, -4960), (-94, 299, -10)]
[(-15208, 3544, -4960), (-94, 299, -10)]
[(-15208, 3544, -4960), (-94, 299, -10)]
[(-15208, 3544, -4960), (-94, 299, -10)]
[(-15208, 3544, -4960), (-94, 299, -10)]
[(-15193, 3548, -4984), (-22, 281, 6)]
[(-15193, 3548, -4984), (-22, 281, 6)]
[(-15193, 3548, -4984), (-22, 281, 6)]
[(-15193, 3548, -4984), (-22, 281, 6)]
[(-15193, 3548, -4984), (-22, 281, 6)]
[(-15193, 3548, -4984), (-22, 281, 6)]
[(-15163, 3554, -5016), (-170, 353, -3)]
[(-15163, 3554, -5016), (-170, 353, -3)]
[(-15163, 3554, -5016), (-170, 353, -3)]
[(-15163, 3554, -5016), (-170, 353, -3)]
[(-15163, 3554, -5016), (-170, 353, -3)]
[(-15193, 3581, -5018), (-94, 277, 43)]
[(-15193, 3581, -5018), (-94, 277, 43)]
[(-15193, 3581, -5018), (-94, 277, 43)]
[(-15193, 3581, -5018), (-94, 277, 43)]
[(-15193, 3581, -5018), (-94, 277, 43)]
[(-15193, 3581, -5018), (-94, 277, 43)]
[(-15193, 3581, -5018), (-94, 277, 43)]
[(-15173, 3593, -5045), (-83, 284, 27)]
[(-15173, 3593, -5045), (-83, 284, 27)]
[(-15173, 3593, -5045), (-83, 284, 27)]
[(-15173, 3593, -5045), (-83, 284, 27)]
[(-15173, 3593, -5045), (-83, 284, 27)]
[(-15173, 3593, -5045), (-83, 284, 27)]
[(-15179, 3619, -5043), (-128, 274, 13)]
[(-15179, 3619, -5043), (-128, 274, 13)]
[(-15179, 3619, -5043), (-128, 274, 13)]
[(-15179, 3619, -5043), (-128, 274, 13)]
[(-15179, 3619, -5043), (-128, 274, 13)]
[(-15204, 3576, -5054), (-92, 281, -2)]
[(-15204, 3576, -5054), (-92, 281, -2)]
[(-15204, 3576, -5054), (-92, 281, -2)]
[(-15204, 3576, -5054), (-92, 281, -2)]
[(-15204, 3576, -5054), (-92, 281, -2)]
[(-15200, 3590, -5043), (-111, 295, -20)]
[(-15200, 3590, -5043), (-111, 295, -20)]
[(-15200, 3590, -5043), (-111, 295, -20)]
[(-15200, 3590, -5043), (-111, 295, -20)]
[(-15200, 3590, -5043), (-111, 295, -20)]
[(-15200, 3590, -5043), (-111, 295, -20)]
[(-15200, 3590, -5043), (-111, 295, -20)]
[(-15200, 3590, -5043), (-111, 295, -20)]
[(-15221, 3614, -5016), (-107, 323, -24)]
[(-15221, 3614, -5016), (-107, 323, -24)]
[(-15221, 3614, -5016), (-107, 323, -24)]
[(-15221, 3614, -5016), (-107, 323, -24)]
[(-15221, 3614, -5016), (-107, 323, -24)]
[(-15217, 3613, -5012), (-88, 293, -4)]
[(-15217, 3613, -5012), (-88, 293, -4)]
[(-15217, 3613, -5012), (-88, 293, -4)]
[(-15217, 3613, -5012), (-88, 293, -4)]
[(-15217, 3613, -5012), (-88, 293, -4)]
[(-15217, 3613, -5012), (-88, 293, -4)]
[(-15217, 3613, -5012), (-88, 293, -4)]
[(-15204, 3581, -5040), (-74, 324, -7)]
[(-15204, 3581, -5040), (-74, 324, -7)]
[(-15204, 3581, -5040), (-74, 324, -7)]
[(-15204, 3581, -5040), (-74, 324, -7)]
[(-15204, 3581, -5040), (-74, 324, -7)]
[(-15204, 3581, -5040), (-74, 324, -7)]
[(-15192, 3611, -5008), (-106, 315, -39)]
[(-15192, 3611, -5008), (-106, 315, -39)]
[(-15192, 3611, -5008), (-106, 315, -39)]
[(-15192, 3611, -5008), (-106, 315, -39)]
[(-15192, 3611, -5008), (-106, 315, -39)]
[(-15192, 3611, -5008), (-106, 315, -39)]
[(-15192, 3611, -5008), (-106, 315, -39)]
[(-15204, 3608, -5012), (-141, 302, -37)]
[(-15204, 3608, -5012), (-141, 302, -37)]
[(-15204, 3608, -5012), (-141, 302, -37)]
[(-15174, 3586, -5007), (-183, 271, -18)]
[(-15174, 3586, -5007), (-183, 271, -18)]
[(-15174, 3586, -5007), (-183, 271, -18)]
[(-15174, 3586, -5007), (-183, 271, -18)]
[(-15174, 3586, -5007), (-183, 271, -18)]
[(-15174, 3586, -5007), (-183, 271, -18)]
[(-15174, 3586, -5007), (-183, 271, -18)]
[(-15174, 3586, -5007), (-183, 271, -18)]
[(-15178, 3595, -5043), (-147, 266, -8)]
[(-15178, 3595, -5043), (-147, 266, -8)]
[(-15178, 3595, -5043), (-147, 266, -8)]
[(-15178, 3595, -5043), (-147, 266, -8)]
[(-15178, 3595, -5043), (-147, 266, -8)]
[(-15188, 3604, -5024), (-154, 268, -2)]
[(-15188, 3604, -5024), (-154, 268, -2)]
[(-15188, 3604, -5024), (-154, 268, -2)]