[(-15298, 2303, -4974), (-228, 452, 219)]
[(-15315, 2375, -5009), (-216, 446, 232)]
[(-15315, 2375, -5009), (-216, 446, 232)]
[(-15261, 2411, -5040), (-210, 466, 253)]
[(-15261, 2411, -5040), (-210, 466, 253)]
[(-15261, 2411, -5040), (-210, 466, 253)]
[(-15261, 2411, -5040), (-210, 466, 253)]
[(-15261, 2411, -5040), (-210, 466, 253)]
[(-15261, 2411, -5040), (-210, 466, 253)]
[(-15261, 2411, -5040), (-210, 466, 253)]
[(-15206, 2528, -5081), (-283, 512, 325)]
[(-15206, 2528, -5081), (-283, 512, 325)]
[(-15206, 2528, -5081), (-283, 512, 325)]
[(-15206, 2528, -5081), (-283, 512, 325)]
[(-15206, 2528, -5081), (-283, 512, 325)]
[(-15206, 2528, -5081), (-283, 512, 325)]
[(-15165, 2660, -5108), (-667, 602, 403)]
[(-15165, 2660, -5108), (-667, 602, 403)]
[(-15165, 2660, -5108), (-667, 602, 403)]
[(-15165, 2660, -5108), (-667, 602, 403)]
[(-15165, 2660, -5108), (-667, 602, 403)]
[(-15212, 2764, -5156), (-890, 625, 540)]
[(-15212, 2764, -5156), (-890, 625, 540)]
[(-15212, 2764, -5156), (-890, 625, 540)]
[(-15212, 2764, -5156), (-890, 625, 540)]
[(-15212, 2764, -5156), (-890, 625, 540)]
[(-15212, 2764, -5156), (-890, 625, 540)]
[(-15212, 2764, -5156), (-890, 625, 540)]
[(-15195, 2911, -5203), (-796, 604, 507)]
[(-15195, 2911, -5203), (-796, 604, 507)]
[(-15195, 2911, -5203), (-796, 604, 507)]
[(-15195, 2911, -5203), (-796, 604, 507)]
[(-15195, 2911, -5203), (-796, 604, 507)]
[(-15195, 2911, -5203), (-796, 604, 507)]
[(-15195, 2911, -5203), (-796, 604, 507)]
[(-15195, 2911, -5203), (-796, 604, 507)]
[(-15112, 3040, -5239), (-631, 528, 445)]
[(-15112, 3040, -5239), (-631, 528, 445)]
[(-15112, 3040, -5239), (-631, 528, 445)]
[(-15080, 3219, -5229), (-488, 515, 366)]
[(-15080, 3219, -5229), (-488, 515, 366)]
[(-15080, 3219, -5229), (-488, 515, 366)]
[(-15080, 3219, -5229), (-488, 515, 366)]
[(-15080, 3219, -5229), (-488, 515, 366)]
[(-15080, 3219, -5229), (-488, 515, 366)]
[(-15080, 3219, -5229), (-488, 515, 366)]
[(-15064, 3328, -5246), (-426, 522, 299)]
[(-15064, 3328, -5246), (-426, 522, 299)]
[(-15064, 3328, -5246), (-426, 522, 299)]
[(-15064, 3328, -5246), (-426, 522, 299)]
[(-15064, 3328, -5246), (-426, 522, 299)]
[(-15064, 3328, -5246), (-426, 522, 299)]
[(-15063, 3393, -5271), (-372, 502, 287)]
[(-15063, 3393, -5271), (-372, 502, 287)]
[(-15063, 3393, -5271), (-372, 502, 287)]
[(-15063, 3393, -5271), (-372, 502, 287)]
[(-15063, 3393, -5271), (-372, 502, 287)]
[(-15038, 3445, -5310), (-349, 482, 242)]
[(-15038, 3445, -5310), (-349, 482, 242)]
[(-15038, 3445, -5310), (-349, 482, 242)]
[(-15038, 3445, -5310), (-349, 482, 242)]
[(-15038, 3445, -5310), (-349, 482, 242)]
[(-15038, 3445, -5310), (-349, 482, 242)]
[(-15038, 3445, -5310), (-349, 482, 242)]
[(-15016, 3492, -5307), (-280, 409, 200)]
[(-15016, 3492, -5307), (-280, 409, 200)]
[(-15016, 3492, -5307), (-280, 409, 200)]
[(-15016, 3492, -5307), (-280, 409, 200)]
[(-15016, 3492, -5307), (-280, 409, 200)]
[(-15016, 3492, -5307), (-280, 409, 200)]
[(-15012, 3532, -5317), (-263, 378, 224)]
[(-15012, 3532, -5317), (-263, 378, 224)]
[(-15012, 3532, -5317), (-263, 378, 224)]
[(-15012, 3532, -5317), (-263, 378, 224)]
[(-15012, 3532, -5317), (-263, 378, 224)]
[(-14963, 3562, -5317), (-117, 251, 309)]
[(-14963, 3562, -5317), (-117, 251, 309)]
[(-14963, 3562, -5317), (-117, 251, 309)]
[(-14963, 3562, -5317), (-117, 251, 309)]
[(-14963, 3562, -5317), (-117, 251, 309)]
[(-14963, 3562, -5317), (-117, 251, 309)]
[(-14921, 3634, -5320), (-31, 333, 277)]
[(-14921, 3634, -5320), (-31, 333, 277)]
[(-14921, 3634, -5320), (-31, 333, 277)]
[(-14921, 3634, -5320), (-31, 333, 277)]
[(-14921, 3634, -5320), (-31, 333, 277)]
[(-14921, 3634, -5320), (-31, 333, 277)]
[(-14921, 3634, -5320), (-31, 333, 277)]
[(-14889, 3698, -5336), (-69, 271, 226)]
[(-14889, 3698, -5336), (-69, 271, 226)]
[(-14889, 3698, -5336), (-69, 271, 226)]
[(-14889, 3698, -5336), (-69, 271, 226)]
[(-14889, 3698, -5336), (-69, 271, 226)]
[(-14866, 3728, -5350), (-63, 282, 167)]
[(-14866, 3728, -5350), (-63, 282, 167)]
[(-14866, 3728, -5350), (-63, 282, 167)]
[(-14866, 3728, -5350), (-63, 282, 167)]
[(-14866, 3728, -5350), (-63, 282, 167)]
[(-14866, 3728, -5350), (-63, 282, 167)]
[(-14851, 3766, -5353), (-123, 300, 121)]
[(-14851, 3766, -5353), (-123, 300, 121)]
[(-14851, 3766, -5353), (-123, 300, 121)]
[(-14851, 3766, -5353), (-123, 300, 121)]
[(-14851, 3766, -5353), (-123, 300, 121)]
[(-14851, 3766, -5353), (-123, 300, 121)]
[(-14851, 3766, -5353), (-123, 300, 121)]
[(-14856, 3756, -5345), (-440, 267, 73)]
[(-14856, 3756, -5345), (-440, 267, 73)]
[(-14856, 3756, -5345), (-440, 267, 73)]
[(-14856, 3756, -5345), (-440, 267, 73)]
[(-14856, 3756, -5345), (-440, 267, 73)]
[(-14887, 3759, -5324), (-388, 345, 62)]
[(-14887, 3759, -5324), (-388, 345, 62)]
[(-14887, 3759, -5324), (-388, 345, 62)]
[(-14887, 3759, -5324), (-388, 345, 62)]
[(-14887, 3759, -5324), (-388, 345, 62)]
[(-14887, 3759, -5324), (-388, 345, 62)]
[(-14868, 3833, -5328), (-277, 382, 18)]
[(-14868, 3833, -5328), (-277, 382, 18)]
[(-14868, 3833, -5328), (-277, 382, 18)]
[(-14868, 3833, -5328), (-277, 382, 18)]
[(-14868, 3833, -5328), (-277, 382, 18)]
[(-14868, 3833, -5328), (-277, 382, 18)]
[(-14868, 3833, -5328), (-277, 382, 18)]
[(-14863, 3840, -5331), (-207, 372, 9)]
[(-14863, 3840, -5331), (-207, 372, 9)]
[(-14863, 3840, -5331), (-207, 372, 9)]
[(-14863, 3840, -5331), (-207, 372, 9)]
[(-14863, 3840, -5331), (-207, 372, 9)]
[(-14852, 3839, -5357), (-167, 364, 72)]
[(-14852, 3839, -5357), (-167, 364, 72)]
[(-14852, 3839, -5357), (-167, 364, 72)]
[(-14852, 3839, -5357), (-167, 364, 72)]
[(-14852, 3839, -5357), (-167, 364, 72)]
[(-14852, 3839, -5357), (-167, 364, 72)]
[(-14876, 3867, -5358), (-168, 350, 79)]
[(-14876, 3867, -5358), (-168, 350, 79)]
[(-14876, 3867, -5358), (-168, 350, 79)]
[(-14876, 3867, -5358), (-168, 350, 79)]
[(-14876, 3867, -5358), (-168, 350, 79)]
[(-14876, 3867, -5358), (-168, 350, 79)]
[(-14876, 3867, -5358), (-168, 350, 79)]
[(-14876, 3867, -5358), (-168, 350, 79)]
[(-14884, 3886, -5347), (-195, 350, 42)]
[(-14884, 3886, -5347), (-195, 350, 42)]
[(-14884, 3886, -5347), (-195, 350, 42)]
[(-14884, 3886, -5347), (-195, 350, 42)]
[(-14884, 3886, -5347), (-195, 350, 42)]
[(-14901, 3898, -5349), (-151, 348, 56)]
[(-14901, 3898, -5349), (-151, 348, 56)]
[(-14901, 3898, -5349), (-151, 348, 56)]
[(-14901, 3898, -5349), (-151, 348, 56)]
[(-14901, 3898, -5349), (-151, 348, 56)]
[(-14891, 3909, -5343), (-109, 338, 16)]
[(-14891, 3909, -5343), (-109, 338, 16)]
[(-14891, 3909, -5343), (-109, 338, 16)]
[(-14891, 3909, -5343), (-109, 338, 16)]
[(-14891, 3909, -5343), (-109, 338, 16)]
[(-14891, 3909, -5343), (-109, 338, 16)]
[(-14892, 3881, -5376), (-129, 354, 18)]
[(-14892, 3881, -5376), (-129, 354, 18)]
[(-14892, 3881, -5376), (-129, 354, 18)]
[(-14892, 3881, -5376), (-129, 354, 18)]
[(-14892, 3881, -5376), (-129, 354, 18)]
[(-14970, 3829, -5416), (-166, 381, 22)]
[(-14970, 3829, -5416), (-166, 381, 22)]
[(-14970, 3829, -5416), (-166, 381, 22)]
[(-14970, 3829, -5416), (-166, 381, 22)]