[(-15348, 3504, -4483), (-72, 334, 1)]
[(-15362, 3483, -4450), (-89, 338, -15)]
[(-15362, 3483, -4450), (-89, 338, -15)]
[(-15354, 3486, -4449), (-118, 336, 36)]
[(-15354, 3486, -4449), (-118, 336, 36)]
[(-15354, 3486, -4449), (-118, 336, 36)]
[(-15354, 3486, -4449), (-118, 336, 36)]
[(-15354, 3486, -4449), (-118, 336, 36)]
[(-15372, 3469, -4445), (-55, 354, 30)]
[(-15372, 3469, -4445), (-55, 354, 30)]
[(-15372, 3469, -4445), (-55, 354, 30)]
[(-15372, 3469, -4445), (-55, 354, 30)]
[(-15372, 3469, -4445), (-55, 354, 30)]
[(-15372, 3469, -4445), (-55, 354, 30)]
[(-15372, 3469, -4445), (-55, 354, 30)]
[(-15372, 3469, -4445), (-55, 354, 30)]
[(-15365, 3498, -4470), (-88, 346, 23)]
[(-15365, 3498, -4470), (-88, 346, 23)]
[(-15365, 3498, -4470), (-88, 346, 23)]
[(-15365, 3498, -4470), (-88, 346, 23)]
[(-15365, 3498, -4470), (-88, 346, 23)]
[(-15365, 3498, -4470), (-88, 346, 23)]
[(-15365, 3498, -4470), (-88, 346, 23)]
[(-15365, 3498, -4470), (-88, 346, 23)]
[(-15365, 3498, -4470), (-88, 346, 23)]
[(-15365, 3498, -4470), (-88, 346, 23)]
[(-15365, 3498, -4470), (-88, 346, 23)]
[(-15356, 3536, -4417), (-243, 364, 36)]
[(-15356, 3536, -4417), (-243, 364, 36)]
[(-15356, 3536, -4417), (-243, 364, 36)]
[(-15356, 3536, -4417), (-243, 364, 36)]
[(-15356, 3536, -4417), (-243, 364, 36)]
[(-15356, 3536, -4417), (-243, 364, 36)]
[(-15356, 3536, -4417), (-243, 364, 36)]
[(-15356, 3536, -4417), (-243, 364, 36)]
[(-15356, 3536, -4417), (-243, 364, 36)]
[(-15356, 3536, -4417), (-243, 364, 36)]
[(-15351, 3553, -4455), (-227, 378, 13)]
[(-15351, 3553, -4455), (-227, 378, 13)]
[(-15351, 3553, -4455), (-227, 378, 13)]
[(-15351, 3553, -4455), (-227, 378, 13)]
[(-15351, 3553, -4455), (-227, 378, 13)]
[(-15351, 3553, -4455), (-227, 378, 13)]
[(-15336, 3557, -4449), (-249, 415, -11)]
[(-15336, 3557, -4449), (-249, 415, -11)]
[(-15309, 3580, -4470), (-240, 373, -14)]
[(-15309, 3580, -4470), (-240, 373, -14)]
[(-15309, 3580, -4470), (-240, 373, -14)]
[(-15309, 3580, -4470), (-240, 373, -14)]
[(-15309, 3580, -4470), (-240, 373, -14)]
[(-15309, 3580, -4470), (-240, 373, -14)]
[(-15309, 3580, -4470), (-240, 373, -14)]
[(-15282, 3591, -4500), (-232, 362, -11)]
[(-15282, 3591, -4500), (-232, 362, -11)]
[(-15282, 3591, -4500), (-232, 362, -11)]
[(-15282, 3591, -4500), (-232, 362, -11)]
[(-15282, 3591, -4500), (-232, 362, -11)]
[(-15282, 3591, -4500), (-232, 362, -11)]
[(-15282, 3591, -4500), (-232, 362, -11)]
[(-15318, 3575, -4499), (-158, 358, -1)]
[(-15318, 3575, -4499), (-158, 358, -1)]
[(-15318, 3575, -4499), (-158, 358, -1)]
[(-15318, 3575, -4499), (-158, 358, -1)]
[(-15346, 3574, -4512), (-170, 328, 0)]
[(-15346, 3574, -4512), (-170, 328, 0)]
[(-15346, 3574, -4512), (-170, 328, 0)]
[(-15346, 3574, -4512), (-170, 328, 0)]
[(-15346, 3574, -4512), (-170, 328, 0)]
[(-15346, 3574, -4512), (-170, 328, 0)]
[(-15346, 3574, -4512), (-170, 328, 0)]
[(-15308, 3587, -4584), (-132, 318, 25)]
[(-15308, 3587, -4584), (-132, 318, 25)]
[(-15308, 3587, -4584), (-132, 318, 25)]
[(-15308, 3587, -4584), (-132, 318, 25)]
[(-15308, 3587, -4584), (-132, 318, 25)]
[(-15298, 3581, -4575), (-30, 238, 18)]
[(-15298, 3581, -4575), (-30, 238, 18)]
[(-15298, 3581, -4575), (-30, 238, 18)]
[(-15298, 3581, -4575), (-30, 238, 18)]
[(-15298, 3581, -4575), (-30, 238, 18)]
[(-15298, 3581, -4575), (-30, 238, 18)]
[(-15292, 3589, -4587), (-19, 209, 12)]
[(-15292, 3589, -4587), (-19, 209, 12)]
[(-15292, 3589, -4587), (-19, 209, 12)]
[(-15292, 3589, -4587), (-19, 209, 12)]
[(-15292, 3589, -4587), (-19, 209, 12)]
[(-15284, 3572, -4561), (-9, 215, -10)]
[(-15284, 3572, -4561), (-9, 215, -10)]
[(-15284, 3572, -4561), (-9, 215, -10)]
[(-15284, 3572, -4561), (-9, 215, -10)]
[(-15284, 3572, -4561), (-9, 215, -10)]
[(-15284, 3572, -4561), (-9, 215, -10)]
[(-15284, 3572, -4561), (-9, 215, -10)]
[(-15300, 3585, -4527), (-56, 224, -1)]
[(-15300, 3585, -4527), (-56, 224, -1)]
[(-15300, 3585, -4527), (-56, 224, -1)]
[(-15300, 3585, -4527), (-56, 224, -1)]
[(-15300, 3585, -4527), (-56, 224, -1)]
[(-15300, 3585, -4527), (-56, 224, -1)]
[(-15300, 3585, -4527), (-56, 224, -1)]
[(-15300, 3585, -4527), (-56, 224, -1)]
[(-15300, 3585, -4527), (-56, 224, -1)]
[(-15297, 3576, -4508), (-48, 237, 8)]
[(-15297, 3576, -4508), (-48, 237, 8)]
[(-15330, 3564, -4501), (-7, 271, 11)]
[(-15330, 3564, -4501), (-7, 271, 11)]
[(-15330, 3564, -4501), (-7, 271, 11)]
[(-15330, 3564, -4501), (-7, 271, 11)]
[(-15330, 3564, -4501), (-7, 271, 11)]
[(-15330, 3564, -4501), (-7, 271, 11)]
[(-15330, 3564, -4501), (-7, 271, 11)]
[(-15334, 3567, -4515), (-19, 262, -1)]
[(-15334, 3567, -4515), (-19, 262, -1)]
[(-15334, 3567, -4515), (-19, 262, -1)]
[(-15334, 3567, -4515), (-19, 262, -1)]
[(-15334, 3567, -4515), (-19, 262, -1)]