[(-14615, 1101, -8076), (-71, 332, -25)]
[(-14618, 1096, -8052), (-97, 343, -22)]
[(-14618, 1096, -8052), (-97, 343, -22)]
[(-14618, 1096, -8052), (-97, 343, -22)]
[(-14618, 1096, -8052), (-97, 343, -22)]
[(-14611, 1095, -8091), (-104, 354, -10)]
[(-14611, 1095, -8091), (-104, 354, -10)]
[(-14611, 1095, -8091), (-104, 354, -10)]
[(-14611, 1095, -8091), (-104, 354, -10)]
[(-14611, 1095, -8091), (-104, 354, -10)]
[(-14611, 1095, -8091), (-104, 354, -10)]
[(-14588, 1102, -8091), (-128, 362, -13)]
[(-14588, 1102, -8091), (-128, 362, -13)]
[(-14588, 1102, -8091), (-128, 362, -13)]
[(-14588, 1102, -8091), (-128, 362, -13)]
[(-14588, 1102, -8091), (-128, 362, -13)]
[(-14560, 1126, -8100), (-138, 358, -6)]
[(-14560, 1126, -8100), (-138, 358, -6)]
[(-14560, 1126, -8100), (-138, 358, -6)]
[(-14560, 1126, -8100), (-138, 358, -6)]
[(-14560, 1126, -8100), (-138, 358, -6)]
[(-14560, 1126, -8100), (-138, 358, -6)]
[(-14560, 1126, -8100), (-138, 358, -6)]
[(-14589, 1127, -8089), (120, 347, -23)]
[(-14589, 1127, -8089), (120, 347, -23)]
[(-14589, 1127, -8089), (120, 347, -23)]
[(-14589, 1127, -8089), (120, 347, -23)]
[(-14589, 1127, -8089), (120, 347, -23)]
[(-14589, 1127, -8089), (120, 347, -23)]
[(-14612, 1144, -8100), (-256, 466, -84)]
[(-14612, 1144, -8100), (-256, 466, -84)]
[(-14612, 1144, -8100), (-256, 466, -84)]
[(-14612, 1144, -8100), (-256, 466, -84)]
[(-14612, 1144, -8100), (-256, 466, -84)]
[(-14612, 1144, -8100), (-256, 466, -84)]
[(-14612, 1144, -8100), (-256, 466, -84)]
[(-14614, 1177, -8051), (-295, 463, -49)]
[(-14614, 1177, -8051), (-295, 463, -49)]
[(-14614, 1177, -8051), (-295, 463, -49)]
[(-14614, 1177, -8051), (-295, 463, -49)]
[(-14606, 1153, -8114), (-267, 397, -30)]
[(-14606, 1153, -8114), (-267, 397, -30)]
[(-14606, 1153, -8114), (-267, 397, -30)]
[(-14606, 1153, -8114), (-267, 397, -30)]
[(-14606, 1153, -8114), (-267, 397, -30)]
[(-14606, 1153, -8114), (-267, 397, -30)]
[(-14606, 1153, -8114), (-267, 397, -30)]
[(-14592, 1153, -8132), (-286, 369, -40)]
[(-14592, 1153, -8132), (-286, 369, -40)]
[(-14592, 1153, -8132), (-286, 369, -40)]
[(-14592, 1153, -8132), (-286, 369, -40)]
[(-14592, 1153, -8132), (-286, 369, -40)]
[(-14583, 1164, -8132), (-247, 328, -31)]
[(-14583, 1164, -8132), (-247, 328, -31)]
[(-14583, 1164, -8132), (-247, 328, -31)]
[(-14583, 1164, -8132), (-247, 328, -31)]
[(-14583, 1164, -8132), (-247, 328, -31)]
[(-14583, 1164, -8132), (-247, 328, -31)]
[(-14583, 1164, -8132), (-247, 328, -31)]
[(-14583, 1164, -8132), (-247, 328, -31)]
[(-14583, 1164, -8132), (-247, 328, -31)]
[(-14597, 1121, -8076), (39, 170, -25)]
[(-14597, 1121, -8076), (39, 170, -25)]
[(-14597, 1121, -8076), (39, 170, -25)]
[(-14597, 1121, -8076), (39, 170, -25)]
[(-14597, 1121, -8076), (39, 170, -25)]
[(-14597, 1121, -8076), (39, 170, -25)]
[(-14597, 1121, -8076), (39, 170, -25)]
[(-14597, 1121, -8076), (39, 170, -25)]
[(-14576, 1096, -8073), (25, 201, 30)]
[(-14580, 1091, -8099), (47, 224, 38)]
[(-14580, 1091, -8099), (47, 224, 38)]
[(-14580, 1091, -8099), (47, 224, 38)]
[(-14580, 1091, -8099), (47, 224, 38)]
[(-14580, 1091, -8099), (47, 224, 38)]
[(-14580, 1091, -8099), (47, 224, 38)]
[(-14549, 1064, -8092), (-6, 212, 34)]
[(-14549, 1064, -8092), (-6, 212, 34)]
[(-14549, 1064, -8092), (-6, 212, 34)]
[(-14549, 1064, -8092), (-6, 212, 34)]
[(-14549, 1064, -8092), (-6, 212, 34)]
[(-14549, 1064, -8092), (-6, 212, 34)]
[(-14549, 1064, -8092), (-6, 212, 34)]
[(-14552, 1064, -8096), (-40, 218, 24)]
[(-14552, 1064, -8096), (-40, 218, 24)]
[(-14552, 1064, -8096), (-40, 218, 24)]
[(-14552, 1064, -8096), (-40, 218, 24)]
[(-14552, 1064, -8096), (-40, 218, 24)]
[(-14576, 1070, -8093), (-8, 240, 12)]
[(-14576, 1070, -8093), (-8, 240, 12)]
[(-14576, 1070, -8093), (-8, 240, 12)]
[(-14576, 1070, -8093), (-8, 240, 12)]
[(-14576, 1070, -8093), (-8, 240, 12)]
[(-14576, 1070, -8093), (-8, 240, 12)]
[(-14604, 1063, -8079), (-88, 217, -13)]
[(-14604, 1063, -8079), (-88, 217, -13)]
[(-14604, 1063, -8079), (-88, 217, -13)]
[(-14604, 1063, -8079), (-88, 217, -13)]
[(-14604, 1063, -8079), (-88, 217, -13)]
[(-14604, 1063, -8079), (-88, 217, -13)]
[(-14604, 1063, -8079), (-88, 217, -13)]
[(-14590, 1082, -8040), (-83, 231, 51)]
[(-14590, 1082, -8040), (-83, 231, 51)]
[(-14590, 1082, -8040), (-83, 231, 51)]
[(-14590, 1082, -8040), (-83, 231, 51)]
[(-14590, 1082, -8040), (-83, 231, 51)]
[(-14591, 1097, -8016), (-107, 307, -6)]
[(-14591, 1097, -8016), (-107, 307, -6)]
[(-14591, 1097, -8016), (-107, 307, -6)]
[(-14591, 1097, -8016), (-107, 307, -6)]
[(-14591, 1097, -8016), (-107, 307, -6)]
[(-14591, 1097, -8016), (-107, 307, -6)]
[(-14590, 1075, -8006), (-121, 292, -30)]
[(-14590, 1075, -8006), (-121, 292, -30)]
[(-14590, 1075, -8006), (-121, 292, -30)]
[(-14590, 1075, -8006), (-121, 292, -30)]
[(-14590, 1075, -8006), (-121, 292, -30)]
[(-14590, 1075, -8006), (-121, 292, -30)]
[(-14590, 1075, -8006), (-121, 292, -30)]
[(-14567, 1083, -8007), (-102, 287, -1)]
[(-14567, 1083, -8007), (-102, 287, -1)]
[(-14567, 1083, -8007), (-102, 287, -1)]
[(-14567, 1083, -8007), (-102, 287, -1)]
[(-14567, 1083, -8007), (-102, 287, -1)]
[(-14591, 1070, -8044), (14, 283, 21)]
[(-14591, 1070, -8044), (14, 283, 21)]
[(-14591, 1070, -8044), (14, 283, 21)]
[(-14591, 1070, -8044), (14, 283, 21)]
[(-14591, 1070, -8044), (14, 283, 21)]
[(-14591, 1070, -8044), (14, 283, 21)]
[(-14592, 1069, -8044), (5, 235, 5)]
[(-14592, 1069, -8044), (5, 235, 5)]
[(-14592, 1069, -8044), (5, 235, 5)]
[(-14592, 1069, -8044), (5, 235, 5)]
[(-14592, 1069, -8044), (5, 235, 5)]
[(-14592, 1069, -8044), (5, 235, 5)]