[(-14566, 1072, -8087), (-134, 335, 0)]
[(-14546, 1068, -8127), (-27, 351, 9)]
[(-14546, 1068, -8127), (-27, 351, 9)]
[(-14546, 1068, -8127), (-27, 351, 9)]
[(-14546, 1068, -8127), (-27, 351, 9)]
[(-14546, 1068, -8127), (-27, 351, 9)]
[(-14546, 1068, -8127), (-27, 351, 9)]
[(-14546, 1068, -8127), (-27, 351, 9)]
[(-14533, 1068, -8142), (-106, 331, 4)]
[(-14533, 1068, -8142), (-106, 331, 4)]
[(-14533, 1068, -8142), (-106, 331, 4)]
[(-14533, 1068, -8142), (-106, 331, 4)]
[(-14530, 1079, -8156), (-116, 317, 1)]
[(-14530, 1079, -8156), (-116, 317, 1)]
[(-14530, 1079, -8156), (-116, 317, 1)]
[(-14530, 1079, -8156), (-116, 317, 1)]
[(-14530, 1079, -8156), (-116, 317, 1)]
[(-14530, 1089, -8164), (-1, 312, 14)]
[(-14530, 1089, -8164), (-1, 312, 14)]
[(-14530, 1089, -8164), (-1, 312, 14)]
[(-14530, 1089, -8164), (-1, 312, 14)]
[(-14530, 1089, -8164), (-1, 312, 14)]
[(-14530, 1089, -8164), (-1, 312, 14)]
[(-14530, 1089, -8164), (-1, 312, 14)]
[(-14567, 1105, -8178), (-201, 383, -35)]
[(-14567, 1105, -8178), (-201, 383, -35)]
[(-14567, 1105, -8178), (-201, 383, -35)]
[(-14567, 1105, -8178), (-201, 383, -35)]
[(-14567, 1105, -8178), (-201, 383, -35)]
[(-14567, 1105, -8178), (-201, 383, -35)]
[(-14570, 1068, -8165), (-322, 406, -22)]
[(-14570, 1068, -8165), (-322, 406, -22)]
[(-14570, 1068, -8165), (-322, 406, -22)]
[(-14570, 1068, -8165), (-322, 406, -22)]
[(-14570, 1068, -8165), (-322, 406, -22)]
[(-14570, 1068, -8165), (-322, 406, -22)]
[(-14570, 1068, -8165), (-322, 406, -22)]
[(-14582, 1078, -8164), (-218, 376, -22)]
[(-14582, 1078, -8164), (-218, 376, -22)]
[(-14582, 1078, -8164), (-218, 376, -22)]
[(-14582, 1078, -8164), (-218, 376, -22)]
[(-14582, 1078, -8164), (-218, 376, -22)]
[(-14582, 1078, -8164), (-218, 376, -22)]
[(-14582, 1078, -8164), (-218, 376, -22)]
[(-14572, 1094, -8146), (-220, 342, -18)]
[(-14572, 1094, -8146), (-220, 342, -18)]
[(-14572, 1094, -8146), (-220, 342, -18)]
[(-14572, 1094, -8146), (-220, 342, -18)]
[(-14596, 1108, -8120), (-190, 325, -11)]
[(-14596, 1108, -8120), (-190, 325, -11)]
[(-14596, 1108, -8120), (-190, 325, -11)]
[(-14596, 1108, -8120), (-190, 325, -11)]
[(-14596, 1108, -8120), (-190, 325, -11)]
[(-14596, 1108, -8120), (-190, 325, -11)]
[(-14596, 1108, -8120), (-190, 325, -11)]
[(-14596, 1108, -8120), (-190, 325, -11)]
[(-14596, 1108, -8120), (-190, 325, -11)]
[(-14596, 1108, -8120), (-190, 325, -11)]
[(-14596, 1108, -8120), (-190, 325, -11)]
[(-14596, 1108, -8120), (-190, 325, -11)]
[(-14590, 1077, -8114), (54, 167, -24)]
[(-14594, 1042, -8037), (97, 134, 27)]
[(-14594, 1042, -8037), (97, 134, 27)]
[(-14594, 1042, -8037), (97, 134, 27)]
[(-14594, 1042, -8037), (97, 134, 27)]
[(-14594, 1042, -8037), (97, 134, 27)]
[(-14588, 1056, -8023), (-31, 253, 40)]
[(-14588, 1056, -8023), (-31, 253, 40)]
[(-14588, 1056, -8023), (-31, 253, 40)]
[(-14588, 1056, -8023), (-31, 253, 40)]
[(-14588, 1056, -8023), (-31, 253, 40)]
[(-14588, 1056, -8023), (-31, 253, 40)]
[(-14588, 1056, -8023), (-31, 253, 40)]
[(-14588, 1056, -8023), (-31, 253, 40)]
[(-14588, 1056, -8023), (-31, 253, 40)]
[(-14568, 1081, -8040), (-77, 285, 31)]
[(-14568, 1081, -8040), (-77, 285, 31)]
[(-14568, 1081, -8040), (-77, 285, 31)]
[(-14568, 1081, -8040), (-77, 285, 31)]
[(-14568, 1081, -8040), (-77, 285, 31)]
[(-14579, 1074, -8038), (-59, 277, -8)]
[(-14579, 1074, -8038), (-59, 277, -8)]
[(-14579, 1074, -8038), (-59, 277, -8)]
[(-14579, 1074, -8038), (-59, 277, -8)]
[(-14579, 1074, -8038), (-59, 277, -8)]
[(-14579, 1074, -8038), (-59, 277, -8)]
[(-14586, 1065, -8029), (-55, 291, -10)]
[(-14586, 1065, -8029), (-55, 291, -10)]
[(-14586, 1065, -8029), (-55, 291, -10)]
[(-14586, 1065, -8029), (-55, 291, -10)]
[(-14586, 1065, -8029), (-55, 291, -10)]
[(-14615, 1072, -8009), (-119, 258, -22)]
[(-14615, 1072, -8009), (-119, 258, -22)]
[(-14615, 1072, -8009), (-119, 258, -22)]
[(-14615, 1072, -8009), (-119, 258, -22)]
[(-14615, 1072, -8009), (-119, 258, -22)]
[(-14615, 1072, -8009), (-119, 258, -22)]
[(-14615, 1072, -8009), (-119, 258, -22)]
[(-14612, 1079, -8002), (-132, 235, 29)]
[(-14612, 1079, -8002), (-132, 235, 29)]
[(-14612, 1079, -8002), (-132, 235, 29)]
[(-14612, 1079, -8002), (-132, 235, 29)]
[(-14612, 1079, -8002), (-132, 235, 29)]
[(-14612, 1079, -8002), (-132, 235, 29)]
[(-14612, 1079, -8002), (-132, 235, 29)]
[(-14601, 1107, -7993), (-83, 316, 42)]
[(-14601, 1107, -7993), (-83, 316, 42)]
[(-14601, 1107, -7993), (-83, 316, 42)]
[(-14601, 1107, -7993), (-83, 316, 42)]
[(-14601, 1107, -7993), (-83, 316, 42)]
[(-14601, 1107, -7993), (-83, 316, 42)]
[(-14622, 1120, -8052), (-144, 297, -39)]
[(-14622, 1120, -8052), (-144, 297, -39)]
[(-14622, 1120, -8052), (-144, 297, -39)]
[(-14627, 1071, -8019), (-111, 275, -26)]
[(-14627, 1071, -8019), (-111, 275, -26)]
[(-14627, 1071, -8019), (-111, 275, -26)]
[(-14627, 1071, -8019), (-111, 275, -26)]
[(-14627, 1071, -8019), (-111, 275, -26)]
[(-14627, 1071, -8019), (-111, 275, -26)]
[(-14632, 1076, -8048), (-104, 347, 21)]
[(-14632, 1076, -8048), (-104, 347, 21)]
[(-14632, 1076, -8048), (-104, 347, 21)]
[(-14632, 1076, -8048), (-104, 347, 21)]
[(-14632, 1076, -8048), (-104, 347, 21)]
[(-14610, 1072, -8028), (-123, 341, 6)]
[(-14610, 1072, -8028), (-123, 341, 6)]
[(-14610, 1072, -8028), (-123, 341, 6)]
[(-14610, 1072, -8028), (-123, 341, 6)]